enter a name for the results file:
the results belong to the tournement between our agent against all other agents , not all participants against each other 
100_PopSize_50_iter_30_rounds
enter number of rounds!:30
enter number of max iterations !:50
enter population size:100
check experts during co-evolution : 
not recommended with high population size ,experts take too much time to think
true: 1 
false: 00
0.8333333333333334
------Mutualism phase-----------
------Communalism phase-----------
------Parasitism faze-----------
 Best:2,2,1,2,0,0,2,1,0,2,1,0,1,2,0,0,1,1,1,2,1,1,0,1,1,2,1,1,0,0,1,2,0,1,1,2,1,0,2,2,0,2,2,1,2,1,0,0,2,1,0,1,1,0,2,1,0,2,0,0,0,1,0,0,2,2,1,1,0,0,1,0,0,0,2,2,1,0,0,2,2,0,2,2,2,2,0,0,2,1,1,0,2,0,2,0,0,0,1,1,2,1,0,1,2,1,0,1,2,0,1,0,0,0,2,0,1,1,0,2,2,2,1,1,0,0,1,2,2,0,0,2,0,2,2,0,0,0,0,0,2,1,1,1,1,2,0,1,0,1,0,1,1,2,0,0,0,1,0,1,0,0,0,1,1,2,1,0,2,2,1,0,1,0,0,0,2,0,2,0,0,0,1,0,1,0,0,2,2,0,2,1,1,0,0,1,1,0,2,1,0,0,1,1,1,0,1,2,0,2,2,0,2,1,0,1,1,2,2,1,2,1,2,1,1,1,1,1,2,0,0,1,0,0,2,1,2,2,1,1,2,1,1,0,1,1,0,2,1,0,1,1,0,2,0,2,0,0,1,2,0,0,2,1,0,0,0,1,1,0,2,2,1,0,2,1,1,0,0,2,0,0,2,1,1,2,2,0,1,1,1,0,1,1,2,2,0,1,0,2,2,0,0,1,1,0,1,0,1,0,0,2,1,0,2,1,1,0,0,2,0,2,0,2,2,0,1,0,0,2,1,1,1,1,1,0,0,0,0,1,1,0,1,0,0,0,2,0,2,2,1,2,1,1,0,2,0,2,1,1,1,0,1,0,1,2,1,0,1,2,1,2,1,0,0,1,1,2,0,0,2,2,0,1,2,0,0,1,0,2,2,0,1,0,1,1,0,0,2,1,1,0,2,2,1,0,1,2,2,0,1,1,2,0,1,1,0,1,0,1,0,1,2,0,2,1,2,0,2,0,0,0,2,0,0,0,0,0,2,0,0,1,2,1,1,0,1,0,0,1,1,1,0,2,2,0,1,0,1,1,0,0,0,2,1,0,1,1,0,2,1,1,2,0,2,1,1,0,1,2,0,1,0,0,2,0,1,0,1,1,1,2,1,0,0,1,1,0,2,2,2,0,2,1,0,2,0,0,0,0,0,0,2,1,2,1,2,0,2,2,2,2,0,1,0,2,2,2,1,1,0,1,1,2,0,1,2,2,0,2,0,1,2,2,0,0,1,0,0,0,0,2,0,1,0,0,2,2,0,0,0,0,0,2,2,2,1,0,2,0,2,1,0,0,0,1,0,0,1,2,0,0,1,0,2,1,1,0,0,1,1,2,1,1,2,1,2,2,2,0,0,2,2,2,0,1,2,0,1,2,1,2,2,1,0,2,1,0,1,2,1,0,1,2,2,2,2,1,0,1,1,1,2,0,0,0,1,0,1,0,2,1,1,2,2,1,1,2,0,2,2,1,0,2,0,2,0,0,2,1,2,2,2,2,1,2,2,1,1,0,0,0,1,1,0,2,2,2,1,0,1,0,1,1,2,0,2,2,0,1,0,2,2,2,1,0,0,2,0,0,2,1,1,1,0,2,2,0,2,0,2,1,2,2,2,2,2,2,0,0,1,2,0,2,0,1,1,1,1,2,0,2,2,1,0,0,2,2,2,1,0,0,2,0,0,2,2,1,2,0,2,0,2,1,0,1,2,2,1,2,1,1,1,0,2,1,2,0,2,0,2,0,1,0,2,2,2,2,1,1,2,0,1,2,1,2,2,1,0,1,2,0,1,1,0,0,1,0,2,0,1,2,0,0,2,0,2,2,1,1,2,1,0,2,0,1,2,0,2,0,0,1,1,2,1,2,0,1,1,0,0,0,2,0,1,1,2,1,1,2,1,1,2,0,0,1,1,0,1,2,1,2,2,1,2,2,1,0,0,1,1,1,2,1,1,1,2,2,2,0,1,1,1,0,2,0,0,0,2,0,0,1,1,2,0,2,0,2,2,0,2,2,2,0,1,0,0,2,1,1,1,0,2,0,2,2,2,0,2,0,1,0,1,1,1,0,1,2,2,0,0,1,2,2,0,0,1,2,1,2,0,0,2,1,2,2,0,1,1,0,1,1,0,2,2,1,1,1,1,2,1,0,0,0,1,1,2,2,0,1,0,0,2,2,0,2,0,2,2,2,2,0,2,1,2,0,0,2,0,1,2,2,1,0,2,0,2,0,1,0,0,2,2,0,1,2,1,1,0,0, ,
fittness: 0.8333333333333334  Time :  5.895152899999999  ticks: 5.895193815231323
------Mutualism phase-----------
------Communalism phase-----------
------Parasitism faze-----------
 Best:1,0,1,1,0,0,1,2,1,1,2,2,2,2,0,0,1,0,2,1,0,0,2,2,2,0,0,0,0,1,0,0,0,1,0,2,0,1,2,1,1,0,1,1,2,2,0,0,2,0,2,1,2,2,2,2,1,1,2,0,1,2,2,2,2,1,2,2,1,2,2,1,0,0,1,0,2,2,1,2,2,2,1,2,1,0,2,0,1,1,2,2,1,1,2,0,1,0,1,2,1,2,2,1,1,1,1,2,2,2,0,2,0,2,2,0,0,1,0,1,1,1,0,1,1,0,2,1,1,1,1,1,2,1,2,1,2,0,1,2,0,2,2,1,1,1,2,1,0,1,2,2,2,2,1,0,2,2,2,1,0,0,2,0,0,0,2,1,1,2,2,1,1,1,1,2,0,0,1,2,0,0,2,0,2,1,1,1,0,0,0,2,0,2,0,1,2,1,1,1,2,1,0,2,1,1,1,0,0,2,1,0,0,1,1,1,2,2,2,0,2,2,1,1,0,2,1,1,1,0,0,0,2,1,2,2,2,1,2,2,0,1,0,1,1,0,2,1,1,2,1,0,1,2,0,2,0,1,2,2,1,1,2,0,1,2,0,2,1,0,1,2,0,0,1,1,0,0,1,2,0,1,1,1,1,1,0,2,0,2,1,2,2,1,2,0,0,1,1,1,0,0,1,0,0,2,1,0,2,2,0,2,0,1,1,0,0,0,1,1,1,2,1,1,1,0,2,2,1,2,2,2,2,0,0,0,1,1,1,0,2,0,1,0,2,0,2,2,2,1,1,1,1,2,0,2,1,2,2,1,2,2,1,1,1,1,1,2,0,1,0,2,1,2,1,1,0,0,1,1,2,1,2,2,0,0,2,2,2,0,1,1,1,2,0,1,2,2,2,2,2,2,0,1,2,0,0,1,2,0,2,2,1,0,2,1,0,2,0,2,2,1,0,0,2,2,1,1,2,2,1,0,2,1,0,1,1,1,2,0,1,0,2,0,2,1,1,0,2,1,0,1,2,1,2,0,2,1,0,2,1,1,1,2,2,2,2,1,2,2,0,2,0,2,1,2,1,0,1,1,0,1,0,1,0,1,0,1,0,2,2,1,0,2,0,0,1,0,0,1,1,0,2,2,0,1,0,2,0,1,1,1,1,1,1,1,2,0,2,2,2,0,2,2,1,1,2,2,2,1,0,2,2,2,0,0,1,2,1,0,2,2,2,0,2,0,2,2,2,0,2,1,2,1,2,1,1,1,0,1,0,2,1,2,0,0,0,2,1,1,0,0,1,0,2,1,0,0,0,2,2,0,1,2,0,1,2,1,1,2,2,0,1,2,1,2,2,2,0,2,1,2,0,1,0,1,0,0,2,0,2,2,1,2,2,1,0,2,0,2,1,1,0,1,2,1,2,1,1,1,0,1,1,1,0,0,0,0,1,2,1,1,0,2,1,2,1,0,1,0,2,2,1,1,0,2,2,2,2,0,2,0,1,2,2,1,2,0,2,0,0,1,0,2,2,0,1,0,0,1,0,1,1,1,1,2,2,2,1,1,0,1,1,0,0,1,0,2,0,2,0,2,2,2,1,1,0,0,2,1,2,2,2,1,2,2,2,1,2,1,0,2,1,1,0,2,0,0,2,1,2,0,1,2,0,0,2,2,1,1,1,0,0,0,2,0,0,2,1,0,2,1,1,1,2,2,0,2,1,0,2,1,1,2,0,2,2,1,1,0,1,0,1,1,0,0,1,1,2,0,1,0,1,2,2,2,1,1,2,0,1,0,2,0,1,0,2,2,2,2,0,2,2,0,2,1,1,2,0,0,1,1,0,2,2,0,2,0,1,1,0,0,0,0,1,2,0,0,1,1,2,2,2,2,2,1,1,1,2,1,1,0,2,0,1,1,0,2,1,1,0,2,1,2,1,1,0,0,1,1,0,2,0,2,2,2,1,2,1,0,2,1,2,2,1,1,0,2,0,1,1,1,2,2,0,1,0,1,2,1,2,2,2,0,1,2,2,1,2,0,1,2,2,0,1,1,1,2,0,2,0,0,2,1,1,1,1,1,1,1,1,2,0,0,2,2,1,0,0,2,0,0,0,0,2,0,0,0,2,2,2,0,1,2,2,0,1,1,1,1,0,1,2,2,2,1,2,1,0,0,2,0,2,1,0,2,0,2,2,1,0,0,2,1,2,1,0,1,2,1,1,0,2,0,2,2,2,0,1,1,0,0,2,0,1,1,1,2,1,0, ,
fittness: 0.9166666666666666  Time :  10.8774278  ticks: 10.876898527145386
------Mutualism phase-----------
------Communalism phase-----------
------Parasitism faze-----------
 Best:1,0,1,1,0,0,1,2,1,1,2,2,2,2,0,0,1,0,2,1,0,0,2,2,2,0,0,0,0,1,0,0,0,1,0,2,0,1,2,1,1,0,1,1,2,2,0,0,2,0,2,1,2,2,2,2,1,1,2,0,1,2,2,2,2,1,2,2,1,2,2,1,0,0,1,0,2,2,1,2,2,2,1,2,1,0,2,0,1,1,2,2,1,1,2,0,1,0,1,2,1,2,2,1,1,1,1,2,2,2,0,2,0,2,2,0,0,1,0,1,1,1,0,1,1,0,2,1,1,1,1,1,2,1,2,1,2,0,1,2,0,2,2,1,1,1,2,1,0,1,2,2,2,2,1,0,2,2,2,1,0,0,2,0,0,0,2,1,1,2,2,1,1,1,1,2,0,0,1,2,0,0,2,0,2,1,1,1,0,0,0,2,0,2,0,1,2,1,1,1,2,1,0,2,1,1,1,0,0,2,1,0,0,1,1,1,2,2,2,0,2,2,1,1,0,2,1,1,1,0,0,0,2,1,2,2,2,1,2,2,0,1,0,1,1,0,2,1,1,2,1,0,1,2,0,2,0,1,2,2,1,1,2,0,1,2,0,2,1,0,1,2,0,0,1,1,0,0,1,2,0,1,1,1,1,1,0,2,0,2,1,2,2,1,2,0,0,1,1,1,0,0,1,0,0,2,1,0,2,2,0,2,0,1,1,0,0,0,1,1,1,2,1,1,1,0,2,2,1,2,2,2,2,0,0,0,1,1,1,0,2,0,1,0,2,0,2,2,2,1,1,1,1,2,0,2,1,2,2,1,2,2,1,1,1,1,1,2,0,1,0,2,1,2,1,1,0,0,1,1,2,1,2,2,0,0,2,2,2,0,1,1,1,2,0,1,2,2,2,2,2,2,0,1,2,0,0,1,2,0,2,2,1,0,2,1,0,2,0,2,2,1,0,0,2,2,1,1,2,2,1,0,2,1,0,1,1,1,2,0,1,0,2,0,2,1,1,0,2,1,0,1,2,1,2,0,2,1,0,2,1,1,1,2,2,2,2,1,2,2,0,2,0,2,1,2,1,0,1,1,0,1,0,1,0,1,0,1,0,2,2,1,0,2,0,0,1,0,0,1,1,0,2,2,0,1,0,2,0,1,1,1,1,1,1,1,2,0,2,2,2,0,2,2,1,1,2,2,2,1,0,2,2,2,0,0,1,2,1,0,2,2,2,0,2,0,2,2,2,0,2,1,2,1,2,1,1,1,0,1,0,2,1,2,0,0,0,2,1,1,0,0,1,0,2,1,0,0,0,2,2,0,1,2,0,1,2,1,1,2,2,0,1,2,1,2,2,2,0,2,1,2,0,1,0,1,0,0,2,0,2,2,1,2,2,1,0,2,0,2,1,1,0,1,2,1,2,1,1,1,0,1,1,1,0,0,0,0,1,2,1,1,0,2,1,2,1,0,1,0,2,2,1,1,0,2,2,2,2,0,2,0,1,2,2,1,2,0,2,0,0,1,0,2,2,0,1,0,0,1,0,1,1,1,1,2,2,2,1,1,0,1,1,0,0,1,0,2,0,2,0,2,2,2,1,1,0,0,2,1,2,2,2,1,2,2,2,1,2,1,0,2,1,1,0,2,0,0,2,1,2,0,1,2,0,0,2,2,1,1,1,0,0,0,2,0,0,2,1,0,2,1,1,1,2,2,0,2,1,0,2,1,1,2,0,2,2,1,1,0,1,0,1,1,0,0,1,1,2,0,1,0,1,2,2,2,1,1,2,0,1,0,2,0,1,0,2,2,2,2,0,2,2,0,2,1,1,2,0,0,1,1,0,2,2,0,2,0,1,1,0,0,0,0,1,2,0,0,1,1,2,2,2,2,2,1,1,1,2,1,1,0,2,0,1,1,0,2,1,1,0,2,1,2,1,1,0,0,1,1,0,2,0,2,2,2,1,2,1,0,2,1,2,2,1,1,0,2,0,1,1,1,2,2,0,1,0,1,2,1,2,2,2,0,1,2,2,1,2,0,1,2,2,0,1,1,1,2,0,2,0,0,2,1,1,1,1,1,1,1,1,2,0,0,2,2,1,0,0,2,0,0,0,0,2,0,0,0,2,2,2,0,1,2,2,0,1,1,1,1,0,1,2,2,2,1,2,1,0,0,2,0,2,1,0,2,0,2,2,1,0,0,2,1,2,1,0,1,2,1,1,0,2,0,2,2,2,0,1,1,0,0,2,0,1,1,1,2,1,0, ,
fittness: 0.9166666666666666  Time :  15.978218999999996  ticks: 15.978059530258179
------Mutualism phase-----------
------Communalism phase-----------
------Parasitism faze-----------
 Best:1,0,1,1,0,0,1,2,1,1,2,2,2,2,0,0,1,0,2,1,0,0,2,2,2,0,0,0,0,1,0,0,0,1,0,2,0,1,2,1,1,0,1,1,2,2,0,0,2,0,2,1,2,2,2,2,1,1,2,0,1,2,2,2,2,1,2,2,1,2,2,1,0,0,1,0,2,2,1,2,2,2,1,2,1,0,2,0,1,1,2,2,1,1,2,0,1,0,1,2,1,2,2,1,1,1,1,2,2,2,0,2,0,2,2,0,0,1,0,1,1,1,0,1,1,0,2,1,1,1,1,1,2,1,2,1,2,0,1,2,0,2,2,1,1,1,2,1,0,1,2,2,2,2,1,0,2,2,2,1,0,0,2,0,0,0,2,1,1,2,2,1,1,1,1,2,0,0,1,2,0,0,2,0,2,1,1,1,0,0,0,2,0,2,0,1,2,1,1,1,2,1,0,2,1,1,1,0,0,2,1,0,0,1,1,1,2,2,2,0,2,2,1,1,0,2,1,1,1,0,0,0,2,1,2,2,2,1,2,2,0,1,0,1,1,0,2,1,1,2,1,0,1,2,0,2,0,1,2,2,1,1,2,0,1,2,0,2,1,0,1,2,0,0,1,1,0,0,1,2,0,1,1,1,1,1,0,2,0,2,1,2,2,1,2,0,0,1,1,1,0,0,1,0,0,2,1,0,2,2,0,2,0,1,1,0,0,0,1,1,1,2,1,1,1,0,2,2,1,2,2,2,2,0,0,0,1,1,1,0,2,0,1,0,2,0,2,2,2,1,1,1,1,2,0,2,1,2,2,1,2,2,1,1,1,1,1,2,0,1,0,2,1,2,1,1,0,0,1,1,2,1,2,2,0,0,2,2,2,0,1,1,1,2,0,1,2,2,2,2,2,2,0,1,2,0,0,1,2,0,2,2,1,0,2,1,0,2,0,2,2,1,0,0,2,2,1,1,2,2,1,0,2,1,0,1,1,1,2,0,1,0,2,0,2,1,1,0,2,1,0,1,2,1,2,0,2,1,0,2,1,1,1,2,2,2,2,1,2,2,0,2,0,2,1,2,1,0,1,1,0,1,0,1,0,1,0,1,0,2,2,1,0,2,0,0,1,0,0,1,1,0,2,2,0,1,0,2,0,1,1,1,1,1,1,1,2,0,2,2,2,0,2,2,1,1,2,2,2,1,0,2,2,2,0,0,1,2,1,0,2,2,2,0,2,0,2,2,2,0,2,1,2,1,2,1,1,1,0,1,0,2,1,2,0,0,0,2,1,1,0,0,1,0,2,1,0,0,0,2,2,0,1,2,0,1,2,1,1,2,2,0,1,2,1,2,2,2,0,2,1,2,0,1,0,1,0,0,2,0,2,2,1,2,2,1,0,2,0,2,1,1,0,1,2,1,2,1,1,1,0,1,1,1,0,0,0,0,1,2,1,1,0,2,1,2,1,0,1,0,2,2,1,1,0,2,2,2,2,0,2,0,1,2,2,1,2,0,2,0,0,1,0,2,2,0,1,0,0,1,0,1,1,1,1,2,2,2,1,1,0,1,1,0,0,1,0,2,0,2,0,2,2,2,1,1,0,0,2,1,2,2,2,1,2,2,2,1,2,1,0,2,1,1,0,2,0,0,2,1,2,0,1,2,0,0,2,2,1,1,1,0,0,0,2,0,0,2,1,0,2,1,1,1,2,2,0,2,1,0,2,1,1,2,0,2,2,1,1,0,1,0,1,1,0,0,1,1,2,0,1,0,1,2,2,2,1,1,2,0,1,0,2,0,1,0,2,2,2,2,0,2,2,0,2,1,1,2,0,0,1,1,0,2,2,0,2,0,1,1,0,0,0,0,1,2,0,0,1,1,2,2,2,2,2,1,1,1,2,1,1,0,2,0,1,1,0,2,1,1,0,2,1,2,1,1,0,0,1,1,0,2,0,2,2,2,1,2,1,0,2,1,2,2,1,1,0,2,0,1,1,1,2,2,0,1,0,1,2,1,2,2,2,0,1,2,2,1,2,0,1,2,2,0,1,1,1,2,0,2,0,0,2,1,1,1,1,1,1,1,1,2,0,0,2,2,1,0,0,2,0,0,0,0,2,0,0,0,2,2,2,0,1,2,2,0,1,1,1,1,0,1,2,2,2,1,2,1,0,0,2,0,2,1,0,2,0,2,2,1,0,0,2,1,2,1,0,1,2,1,1,0,2,0,2,2,2,0,1,1,0,0,2,0,1,1,1,2,1,0, ,
fittness: 0.9166666666666666  Time :  21.7764856  ticks: 21.77639102935791
------Mutualism phase-----------
------Communalism phase-----------
------Parasitism faze-----------
 Best:1,0,1,1,0,0,1,2,1,1,2,2,2,2,0,0,1,0,2,1,0,0,2,2,2,0,0,0,0,1,0,0,0,1,0,2,0,1,2,1,1,0,1,1,2,2,0,0,2,0,2,1,2,2,2,2,1,1,2,0,1,2,2,2,2,1,2,2,1,2,2,1,0,0,1,0,2,2,1,2,2,2,1,2,1,0,2,0,1,1,2,2,1,1,2,0,1,0,1,2,1,2,2,1,1,1,1,2,2,2,0,2,0,2,2,0,0,1,0,1,1,1,0,1,1,0,2,1,1,1,1,1,2,1,2,1,2,0,1,2,0,2,2,1,1,1,2,1,0,1,2,2,2,2,1,0,2,2,2,1,0,0,2,0,0,0,2,1,1,2,2,1,1,1,1,2,0,0,1,2,0,0,2,0,2,1,1,1,0,0,0,2,0,2,0,1,2,1,1,1,2,1,0,2,1,1,1,0,0,2,1,0,0,1,1,1,2,2,2,0,2,2,1,1,0,2,1,1,1,0,0,0,2,1,2,2,2,1,2,2,0,1,0,1,1,0,2,1,1,2,1,0,1,2,0,2,0,1,2,2,1,1,2,0,1,2,0,2,1,0,1,2,0,0,1,1,0,0,1,2,0,1,1,1,1,1,0,2,0,2,1,2,2,1,2,0,0,1,1,1,0,0,1,0,0,2,1,0,2,2,0,2,0,1,1,0,0,0,1,1,1,2,1,1,1,0,2,2,1,2,2,2,2,0,0,0,1,1,1,0,2,0,1,0,2,0,2,2,2,1,1,1,1,2,0,2,1,2,2,1,2,2,1,1,1,1,1,2,0,1,0,2,1,2,1,1,0,0,1,1,2,1,2,2,0,0,2,2,2,0,1,1,1,2,0,1,2,2,2,2,2,2,0,1,2,0,0,1,2,0,2,2,1,0,2,1,0,2,0,2,2,1,0,0,2,2,1,1,2,2,1,0,2,1,0,1,1,1,2,0,1,0,2,0,2,1,1,0,2,1,0,1,2,1,2,0,2,1,0,2,1,1,1,2,2,2,2,1,2,2,0,2,0,2,1,2,1,0,1,1,0,1,0,1,0,1,0,1,0,2,2,1,0,2,0,0,1,0,0,1,1,0,2,2,0,1,0,2,0,1,1,1,1,1,1,1,2,0,2,2,2,0,2,2,1,1,2,2,2,1,0,2,2,2,0,0,1,2,1,0,2,2,2,0,2,0,2,2,2,0,2,1,2,1,2,1,1,1,0,1,0,2,1,2,0,0,0,2,1,1,0,0,1,0,2,1,0,0,0,2,2,0,1,2,0,1,2,1,1,2,2,0,1,2,1,2,2,2,0,2,1,2,0,1,0,1,0,0,2,0,2,2,1,2,2,1,0,2,0,2,1,1,0,1,2,1,2,1,1,1,0,1,1,1,0,0,0,0,1,2,1,1,0,2,1,2,1,0,1,0,2,2,1,1,0,2,2,2,2,0,2,0,1,2,2,1,2,0,2,0,0,1,0,2,2,0,1,0,0,1,0,1,1,1,1,2,2,2,1,1,0,1,1,0,0,1,0,2,0,2,0,2,2,2,1,1,0,0,2,1,2,2,2,1,2,2,2,1,2,1,0,2,1,1,0,2,0,0,2,1,2,0,1,2,0,0,2,2,1,1,1,0,0,0,2,0,0,2,1,0,2,1,1,1,2,2,0,2,1,0,2,1,1,2,0,2,2,1,1,0,1,0,1,1,0,0,1,1,2,0,1,0,1,2,2,2,1,1,2,0,1,0,2,0,1,0,2,2,2,2,0,2,2,0,2,1,1,2,0,0,1,1,0,2,2,0,2,0,1,1,0,0,0,0,1,2,0,0,1,1,2,2,2,2,2,1,1,1,2,1,1,0,2,0,1,1,0,2,1,1,0,2,1,2,1,1,0,0,1,1,0,2,0,2,2,2,1,2,1,0,2,1,2,2,1,1,0,2,0,1,1,1,2,2,0,1,0,1,2,1,2,2,2,0,1,2,2,1,2,0,1,2,2,0,1,1,1,2,0,2,0,0,2,1,1,1,1,1,1,1,1,2,0,0,2,2,1,0,0,2,0,0,0,0,2,0,0,0,2,2,2,0,1,2,2,0,1,1,1,1,0,1,2,2,2,1,2,1,0,0,2,0,2,1,0,2,0,2,2,1,0,0,2,1,2,1,0,1,2,1,1,0,2,0,2,2,2,0,1,1,0,0,2,0,1,1,1,2,1,0, ,
fittness: 0.9166666666666666  Time :  26.2592676  ticks: 26.259398221969604
------Mutualism phase-----------
------Communalism phase-----------
------Parasitism faze-----------
 Best:1,0,1,1,0,0,1,2,1,1,2,2,2,2,0,0,1,0,2,1,0,0,2,2,2,0,0,0,0,1,0,0,0,1,0,2,0,1,2,1,1,0,1,1,2,2,0,0,2,0,2,1,2,2,2,2,1,1,2,0,1,2,2,2,2,1,2,2,1,2,2,1,0,0,1,0,2,2,1,2,2,2,1,2,1,0,2,0,1,1,2,2,1,1,2,0,1,0,1,2,1,2,2,1,1,1,1,2,2,2,0,2,0,2,2,0,0,1,0,1,1,1,0,1,1,0,2,1,1,1,1,1,2,1,2,1,2,0,1,2,0,2,2,1,1,1,2,1,0,1,2,2,2,2,1,0,2,2,2,1,0,0,2,0,0,0,2,1,1,2,2,1,1,1,1,2,0,0,1,2,0,0,2,0,2,1,1,1,0,0,0,2,0,2,0,1,2,1,1,1,2,1,0,2,1,1,1,0,0,2,1,0,0,1,1,1,2,2,2,0,2,2,1,1,0,2,1,1,1,0,0,0,2,1,2,2,2,1,2,2,0,1,0,1,1,0,2,1,1,2,1,0,1,2,0,2,0,1,2,2,1,1,2,0,1,2,0,2,1,0,1,2,0,0,1,1,0,0,1,2,0,1,1,1,1,1,0,2,0,2,1,2,2,1,2,0,0,1,1,1,0,0,1,0,0,2,1,0,2,2,0,2,0,1,1,0,0,0,1,1,1,2,1,1,1,0,2,2,1,2,2,2,2,0,0,0,1,1,1,0,2,0,1,0,2,0,2,2,2,1,1,1,1,2,0,2,1,2,2,1,2,2,1,1,1,1,1,2,0,1,0,2,1,2,1,1,0,0,1,1,2,1,2,2,0,0,2,2,2,0,1,1,1,2,0,1,2,2,2,2,2,2,0,1,2,0,0,1,2,0,2,2,1,0,2,1,0,2,0,2,2,1,0,0,2,2,1,1,2,2,1,0,2,1,0,1,1,1,2,0,1,0,2,0,2,1,1,0,2,1,0,1,2,1,2,0,2,1,0,2,1,1,1,2,2,2,2,1,2,2,0,2,0,2,1,2,1,0,1,1,0,1,0,1,0,1,0,1,0,2,2,1,0,2,0,0,1,0,0,1,1,0,2,2,0,1,0,2,0,1,1,1,1,1,1,1,2,0,2,2,2,0,2,2,1,1,2,2,2,1,0,2,2,2,0,0,1,2,1,0,2,2,2,0,2,0,2,2,2,0,2,1,2,1,2,1,1,1,0,1,0,2,1,2,0,0,0,2,1,1,0,0,1,0,2,1,0,0,0,2,2,0,1,2,0,1,2,1,1,2,2,0,1,2,1,2,2,2,0,2,1,2,0,1,0,1,0,0,2,0,2,2,1,2,2,1,0,2,0,2,1,1,0,1,2,1,2,1,1,1,0,1,1,1,0,0,0,0,1,2,1,1,0,2,1,2,1,0,1,0,2,2,1,1,0,2,2,2,2,0,2,0,1,2,2,1,2,0,2,0,0,1,0,2,2,0,1,0,0,1,0,1,1,1,1,2,2,2,1,1,0,1,1,0,0,1,0,2,0,2,0,2,2,2,1,1,0,0,2,1,2,2,2,1,2,2,2,1,2,1,0,2,1,1,0,2,0,0,2,1,2,0,1,2,0,0,2,2,1,1,1,0,0,0,2,0,0,2,1,0,2,1,1,1,2,2,0,2,1,0,2,1,1,2,0,2,2,1,1,0,1,0,1,1,0,0,1,1,2,0,1,0,1,2,2,2,1,1,2,0,1,0,2,0,1,0,2,2,2,2,0,2,2,0,2,1,1,2,0,0,1,1,0,2,2,0,2,0,1,1,0,0,0,0,1,2,0,0,1,1,2,2,2,2,2,1,1,1,2,1,1,0,2,0,1,1,0,2,1,1,0,2,1,2,1,1,0,0,1,1,0,2,0,2,2,2,1,2,1,0,2,1,2,2,1,1,0,2,0,1,1,1,2,2,0,1,0,1,2,1,2,2,2,0,1,2,2,1,2,0,1,2,2,0,1,1,1,2,0,2,0,0,2,1,1,1,1,1,1,1,1,2,0,0,2,2,1,0,0,2,0,0,0,0,2,0,0,0,2,2,2,0,1,2,2,0,1,1,1,1,0,1,2,2,2,1,2,1,0,0,2,0,2,1,0,2,0,2,2,1,0,0,2,1,2,1,0,1,2,1,1,0,2,0,2,2,2,0,1,1,0,0,2,0,1,1,1,2,1,0, ,
fittness: 0.9166666666666666  Time :  31.6777  ticks: 31.6778461933136
------Mutualism phase-----------
------Communalism phase-----------
------Parasitism faze-----------
 Best:1,0,1,1,0,0,1,2,1,1,2,2,2,2,0,0,1,0,2,1,0,0,2,2,2,0,0,0,0,1,0,0,0,1,0,2,0,1,2,1,1,0,1,1,2,2,0,0,2,0,2,1,2,2,2,2,1,1,2,0,1,2,2,2,2,1,2,2,1,2,2,1,0,0,1,0,2,2,1,2,2,2,1,2,1,0,2,0,1,1,2,2,1,1,2,0,1,0,1,2,1,2,2,1,1,1,1,2,2,2,0,2,0,2,2,0,0,1,0,1,1,1,0,1,1,0,2,1,1,1,1,1,2,1,2,1,2,0,1,2,0,2,2,1,1,1,2,1,0,1,2,2,2,2,1,0,2,2,2,1,0,0,2,0,0,0,2,1,1,2,2,1,1,1,1,2,0,0,1,2,0,0,2,0,2,1,1,1,0,0,0,2,0,2,0,1,2,1,1,1,2,1,0,2,1,1,1,0,0,2,1,0,0,1,1,1,2,2,2,0,2,2,1,1,0,2,1,1,1,0,0,0,2,1,2,2,2,1,2,2,0,1,0,1,1,0,2,1,1,2,1,0,1,2,0,2,0,1,2,2,1,1,2,0,1,2,0,2,1,0,1,2,0,0,1,1,0,0,1,2,0,1,1,1,1,1,0,2,0,2,1,2,2,1,2,0,0,1,1,1,0,0,1,0,0,2,1,0,2,2,0,2,0,1,1,0,0,0,1,1,1,2,1,1,1,0,2,2,1,2,2,2,2,0,0,0,1,1,1,0,2,0,1,0,2,0,2,2,2,1,1,1,1,2,0,2,1,2,2,1,2,2,1,1,1,1,1,2,0,1,0,2,1,2,1,1,0,0,1,1,2,1,2,2,0,0,2,2,2,0,1,1,1,2,0,1,2,2,2,2,2,2,0,1,2,0,0,1,2,0,2,2,1,0,2,1,0,2,0,2,2,1,0,0,2,2,1,1,2,2,1,0,2,1,0,1,1,1,2,0,1,0,2,0,2,1,1,0,2,1,0,1,2,1,2,0,2,1,0,2,1,1,1,2,2,2,2,1,2,2,0,2,0,2,1,2,1,0,1,1,0,1,0,1,0,1,0,1,0,2,2,1,0,2,0,0,1,0,0,1,1,0,2,2,0,1,0,2,0,1,1,1,1,1,1,1,2,0,2,2,2,0,2,2,1,1,2,2,2,1,0,2,2,2,0,0,1,2,1,0,2,2,2,0,2,0,2,2,2,0,2,1,2,1,2,1,1,1,0,1,0,2,1,2,0,0,0,2,1,1,0,0,1,0,2,1,0,0,0,2,2,0,1,2,0,1,2,1,1,2,2,0,1,2,1,2,2,2,0,2,1,2,0,1,0,1,0,0,2,0,2,2,1,2,2,1,0,2,0,2,1,1,0,1,2,1,2,1,1,1,0,1,1,1,0,0,0,0,1,2,1,1,0,2,1,2,1,0,1,0,2,2,1,1,0,2,2,2,2,0,2,0,1,2,2,1,2,0,2,0,0,1,0,2,2,0,1,0,0,1,0,1,1,1,1,2,2,2,1,1,0,1,1,0,0,1,0,2,0,2,0,2,2,2,1,1,0,0,2,1,2,2,2,1,2,2,2,1,2,1,0,2,1,1,0,2,0,0,2,1,2,0,1,2,0,0,2,2,1,1,1,0,0,0,2,0,0,2,1,0,2,1,1,1,2,2,0,2,1,0,2,1,1,2,0,2,2,1,1,0,1,0,1,1,0,0,1,1,2,0,1,0,1,2,2,2,1,1,2,0,1,0,2,0,1,0,2,2,2,2,0,2,2,0,2,1,1,2,0,0,1,1,0,2,2,0,2,0,1,1,0,0,0,0,1,2,0,0,1,1,2,2,2,2,2,1,1,1,2,1,1,0,2,0,1,1,0,2,1,1,0,2,1,2,1,1,0,0,1,1,0,2,0,2,2,2,1,2,1,0,2,1,2,2,1,1,0,2,0,1,1,1,2,2,0,1,0,1,2,1,2,2,2,0,1,2,2,1,2,0,1,2,2,0,1,1,1,2,0,2,0,0,2,1,1,1,1,1,1,1,1,2,0,0,2,2,1,0,0,2,0,0,0,0,2,0,0,0,2,2,2,0,1,2,2,0,1,1,1,1,0,1,2,2,2,1,2,1,0,0,2,0,2,1,0,2,0,2,2,1,0,0,2,1,2,1,0,1,2,1,1,0,2,0,2,2,2,0,1,1,0,0,2,0,1,1,1,2,1,0, ,
fittness: 0.9166666666666666  Time :  37.338812399999995  ticks: 37.33814263343811
------Mutualism phase-----------
------Communalism phase-----------
------Parasitism faze-----------
 Best:1,0,1,1,0,0,1,2,1,1,2,2,2,2,0,0,1,0,2,1,0,0,2,2,2,0,0,0,0,1,0,0,0,1,0,2,0,1,2,1,1,0,1,1,2,2,0,0,2,0,2,1,2,2,2,2,1,1,2,0,1,2,2,2,2,1,2,2,1,2,2,1,0,0,1,0,2,2,1,2,2,2,1,2,1,0,2,0,1,1,2,2,1,1,2,0,1,0,1,2,1,2,2,1,1,1,1,2,2,2,0,2,0,2,2,0,0,1,0,1,1,1,0,1,1,0,2,1,1,1,1,1,2,1,2,1,2,0,1,2,0,2,2,1,1,1,2,1,0,1,2,2,2,2,1,0,2,2,2,1,0,0,2,0,0,0,2,1,1,2,2,1,1,1,1,2,0,0,1,2,0,0,2,0,2,1,1,1,0,0,0,2,0,2,0,1,2,1,1,1,2,1,0,2,1,1,1,0,0,2,1,0,0,1,1,1,2,2,2,0,2,2,1,1,0,2,1,1,1,0,0,0,2,1,2,2,2,1,2,2,0,1,0,1,1,0,2,1,1,2,1,0,1,2,0,2,0,1,2,2,1,1,2,0,1,2,0,2,1,0,1,2,0,0,1,1,0,0,1,2,0,1,1,1,1,1,0,2,0,2,1,2,2,1,2,0,0,1,1,1,0,0,1,0,0,2,1,0,2,2,0,2,0,1,1,0,0,0,1,1,1,2,1,1,1,0,2,2,1,2,2,2,2,0,0,0,1,1,1,0,2,0,1,0,2,0,2,2,2,1,1,1,1,2,0,2,1,2,2,1,2,2,1,1,1,1,1,2,0,1,0,2,1,2,1,1,0,0,1,1,2,1,2,2,0,0,2,2,2,0,1,1,1,2,0,1,2,2,2,2,2,2,0,1,2,0,0,1,2,0,2,2,1,0,2,1,0,2,0,2,2,1,0,0,2,2,1,1,2,2,1,0,2,1,0,1,1,1,2,0,1,0,2,0,2,1,1,0,2,1,0,1,2,1,2,0,2,1,0,2,1,1,1,2,2,2,2,1,2,2,0,2,0,2,1,2,1,0,1,1,0,1,0,1,0,1,0,1,0,2,2,1,0,2,0,0,1,0,0,1,1,0,2,2,0,1,0,2,0,1,1,1,1,1,1,1,2,0,2,2,2,0,2,2,1,1,2,2,2,1,0,2,2,2,0,0,1,2,1,0,2,2,2,0,2,0,2,2,2,0,2,1,2,1,2,1,1,1,0,1,0,2,1,2,0,0,0,2,1,1,0,0,1,0,2,1,0,0,0,2,2,0,1,2,0,1,2,1,1,2,2,0,1,2,1,2,2,2,0,2,1,2,0,1,0,1,0,0,2,0,2,2,1,2,2,1,0,2,0,2,1,1,0,1,2,1,2,1,1,1,0,1,1,1,0,0,0,0,1,2,1,1,0,2,1,2,1,0,1,0,2,2,1,1,0,2,2,2,2,0,2,0,1,2,2,1,2,0,2,0,0,1,0,2,2,0,1,0,0,1,0,1,1,1,1,2,2,2,1,1,0,1,1,0,0,1,0,2,0,2,0,2,2,2,1,1,0,0,2,1,2,2,2,1,2,2,2,1,2,1,0,2,1,1,0,2,0,0,2,1,2,0,1,2,0,0,2,2,1,1,1,0,0,0,2,0,0,2,1,0,2,1,1,1,2,2,0,2,1,0,2,1,1,2,0,2,2,1,1,0,1,0,1,1,0,0,1,1,2,0,1,0,1,2,2,2,1,1,2,0,1,0,2,0,1,0,2,2,2,2,0,2,2,0,2,1,1,2,0,0,1,1,0,2,2,0,2,0,1,1,0,0,0,0,1,2,0,0,1,1,2,2,2,2,2,1,1,1,2,1,1,0,2,0,1,1,0,2,1,1,0,2,1,2,1,1,0,0,1,1,0,2,0,2,2,2,1,2,1,0,2,1,2,2,1,1,0,2,0,1,1,1,2,2,0,1,0,1,2,1,2,2,2,0,1,2,2,1,2,0,1,2,2,0,1,1,1,2,0,2,0,0,2,1,1,1,1,1,1,1,1,2,0,0,2,2,1,0,0,2,0,0,0,0,2,0,0,0,2,2,2,0,1,2,2,0,1,1,1,1,0,1,2,2,2,1,2,1,0,0,2,0,2,1,0,2,0,2,2,1,0,0,2,1,2,1,0,1,2,1,1,0,2,0,2,2,2,0,1,1,0,0,2,0,1,1,1,2,1,0, ,
fittness: 0.9166666666666666  Time :  42.245901399999994  ticks: 42.24586200714111
------Mutualism phase-----------
------Communalism phase-----------
------Parasitism faze-----------
 Best:1,0,1,1,0,0,1,2,1,1,2,2,2,2,0,0,1,0,2,1,0,0,2,2,2,0,0,0,0,1,0,0,0,1,0,2,0,1,2,1,1,0,1,1,2,2,0,0,2,0,2,1,2,2,2,2,1,1,2,0,1,2,2,2,2,1,2,2,1,2,2,1,0,0,1,0,2,2,1,2,2,2,1,2,1,0,2,0,1,1,2,2,1,1,2,0,1,0,1,2,1,2,2,1,1,1,1,2,2,2,0,2,0,2,2,0,0,1,0,1,1,1,0,1,1,0,2,1,1,1,1,1,2,1,2,1,2,0,1,2,0,2,2,1,1,1,2,1,0,1,2,2,2,2,1,0,2,2,2,1,0,0,2,0,0,0,2,1,1,2,2,1,1,1,1,2,0,0,1,2,0,0,2,0,2,1,1,1,0,0,0,2,0,2,0,1,2,1,1,1,2,1,0,2,1,1,1,0,0,2,1,0,0,1,1,1,2,2,2,0,2,2,1,1,0,2,1,1,1,0,0,0,2,1,2,2,2,1,2,2,0,1,0,1,1,0,2,1,1,2,1,0,1,2,0,2,0,1,2,2,1,1,2,0,1,2,0,2,1,0,1,2,0,0,1,1,0,0,1,2,0,1,1,1,1,1,0,2,0,2,1,2,2,1,2,0,0,1,1,1,0,0,1,0,0,2,1,0,2,2,0,2,0,1,1,0,0,0,1,1,1,2,1,1,1,0,2,2,1,2,2,2,2,0,0,0,1,1,1,0,2,0,1,0,2,0,2,2,2,1,1,1,1,2,0,2,1,2,2,1,2,2,1,1,1,1,1,2,0,1,0,2,1,2,1,1,0,0,1,1,2,1,2,2,0,0,2,2,2,0,1,1,1,2,0,1,2,2,2,2,2,2,0,1,2,0,0,1,2,0,2,2,1,0,2,1,0,2,0,2,2,1,0,0,2,2,1,1,2,2,1,0,2,1,0,1,1,1,2,0,1,0,2,0,2,1,1,0,2,1,0,1,2,1,2,0,2,1,0,2,1,1,1,2,2,2,2,1,2,2,0,2,0,2,1,2,1,0,1,1,0,1,0,1,0,1,0,1,0,2,2,1,0,2,0,0,1,0,0,1,1,0,2,2,0,1,0,2,0,1,1,1,1,1,1,1,2,0,2,2,2,0,2,2,1,1,2,2,2,1,0,2,2,2,0,0,1,2,1,0,2,2,2,0,2,0,2,2,2,0,2,1,2,1,2,1,1,1,0,1,0,2,1,2,0,0,0,2,1,1,0,0,1,0,2,1,0,0,0,2,2,0,1,2,0,1,2,1,1,2,2,0,1,2,1,2,2,2,0,2,1,2,0,1,0,1,0,0,2,0,2,2,1,2,2,1,0,2,0,2,1,1,0,1,2,1,2,1,1,1,0,1,1,1,0,0,0,0,1,2,1,1,0,2,1,2,1,0,1,0,2,2,1,1,0,2,2,2,2,0,2,0,1,2,2,1,2,0,2,0,0,1,0,2,2,0,1,0,0,1,0,1,1,1,1,2,2,2,1,1,0,1,1,0,0,1,0,2,0,2,0,2,2,2,1,1,0,0,2,1,2,2,2,1,2,2,2,1,2,1,0,2,1,1,0,2,0,0,2,1,2,0,1,2,0,0,2,2,1,1,1,0,0,0,2,0,0,2,1,0,2,1,1,1,2,2,0,2,1,0,2,1,1,2,0,2,2,1,1,0,1,0,1,1,0,0,1,1,2,0,1,0,1,2,2,2,1,1,2,0,1,0,2,0,1,0,2,2,2,2,0,2,2,0,2,1,1,2,0,0,1,1,0,2,2,0,2,0,1,1,0,0,0,0,1,2,0,0,1,1,2,2,2,2,2,1,1,1,2,1,1,0,2,0,1,1,0,2,1,1,0,2,1,2,1,1,0,0,1,1,0,2,0,2,2,2,1,2,1,0,2,1,2,2,1,1,0,2,0,1,1,1,2,2,0,1,0,1,2,1,2,2,2,0,1,2,2,1,2,0,1,2,2,0,1,1,1,2,0,2,0,0,2,1,1,1,1,1,1,1,1,2,0,0,2,2,1,0,0,2,0,0,0,0,2,0,0,0,2,2,2,0,1,2,2,0,1,1,1,1,0,1,2,2,2,1,2,1,0,0,2,0,2,1,0,2,0,2,2,1,0,0,2,1,2,1,0,1,2,1,1,0,2,0,2,2,2,0,1,1,0,0,2,0,1,1,1,2,1,0, ,
fittness: 0.9166666666666666  Time :  47.2165789  ticks: 47.216524839401245
------Mutualism phase-----------
------Communalism phase-----------
------Parasitism faze-----------
 Best:1,0,1,1,0,0,1,2,1,1,2,2,2,2,0,0,1,0,2,1,0,0,2,2,2,0,0,0,0,1,0,0,0,1,0,2,0,1,2,1,1,0,1,1,2,2,0,0,2,0,2,1,2,2,2,2,1,1,2,0,1,2,2,2,2,1,2,2,1,2,2,1,0,0,1,0,2,2,1,2,2,2,1,2,1,0,2,0,1,1,2,2,1,1,2,0,1,0,1,2,1,2,2,1,1,1,1,2,2,2,0,2,0,2,2,0,0,1,0,1,1,1,0,1,1,0,2,1,1,1,1,1,2,1,2,1,2,0,1,2,0,2,2,1,1,1,2,1,0,1,2,2,2,2,1,0,2,2,2,1,0,0,2,0,0,0,2,1,1,2,2,1,1,1,1,2,0,0,1,2,0,0,2,0,2,1,1,1,0,0,0,2,0,2,0,1,2,1,1,1,2,1,0,2,1,1,1,0,0,2,1,0,0,1,1,1,2,2,2,0,2,2,1,1,0,2,1,1,1,0,0,0,2,1,2,2,2,1,2,2,0,1,0,1,1,0,2,1,1,2,1,0,1,2,0,2,0,1,2,2,1,1,2,0,1,2,0,2,1,0,1,2,0,0,1,1,0,0,1,2,0,1,1,1,1,1,0,2,0,2,1,2,2,1,2,0,0,1,1,1,0,0,1,0,0,2,1,0,2,2,0,2,0,1,1,0,0,0,1,1,1,2,1,1,1,0,2,2,1,2,2,2,2,0,0,0,1,1,1,0,2,0,1,0,2,0,2,2,2,1,1,1,1,2,0,2,1,2,2,1,2,2,1,1,1,1,1,2,0,1,0,2,1,2,1,1,0,0,1,1,2,1,2,2,0,0,2,2,2,0,1,1,1,2,0,1,2,2,2,2,2,2,0,1,2,0,0,1,2,0,2,2,1,0,2,1,0,2,0,2,2,1,0,0,2,2,1,1,2,2,1,0,2,1,0,1,1,1,2,0,1,0,2,0,2,1,1,0,2,1,0,1,2,1,2,0,2,1,0,2,1,1,1,2,2,2,2,1,2,2,0,2,0,2,1,2,1,0,1,1,0,1,0,1,0,1,0,1,0,2,2,1,0,2,0,0,1,0,0,1,1,0,2,2,0,1,0,2,0,1,1,1,1,1,1,1,2,0,2,2,2,0,2,2,1,1,2,2,2,1,0,2,2,2,0,0,1,2,1,0,2,2,2,0,2,0,2,2,2,0,2,1,2,1,2,1,1,1,0,1,0,2,1,2,0,0,0,2,1,1,0,0,1,0,2,1,0,0,0,2,2,0,1,2,0,1,2,1,1,2,2,0,1,2,1,2,2,2,0,2,1,2,0,1,0,1,0,0,2,0,2,2,1,2,2,1,0,2,0,2,1,1,0,1,2,1,2,1,1,1,0,1,1,1,0,0,0,0,1,2,1,1,0,2,1,2,1,0,1,0,2,2,1,1,0,2,2,2,2,0,2,0,1,2,2,1,2,0,2,0,0,1,0,2,2,0,1,0,0,1,0,1,1,1,1,2,2,2,1,1,0,1,1,0,0,1,0,2,0,2,0,2,2,2,1,1,0,0,2,1,2,2,2,1,2,2,2,1,2,1,0,2,1,1,0,2,0,0,2,1,2,0,1,2,0,0,2,2,1,1,1,0,0,0,2,0,0,2,1,0,2,1,1,1,2,2,0,2,1,0,2,1,1,2,0,2,2,1,1,0,1,0,1,1,0,0,1,1,2,0,1,0,1,2,2,2,1,1,2,0,1,0,2,0,1,0,2,2,2,2,0,2,2,0,2,1,1,2,0,0,1,1,0,2,2,0,2,0,1,1,0,0,0,0,1,2,0,0,1,1,2,2,2,2,2,1,1,1,2,1,1,0,2,0,1,1,0,2,1,1,0,2,1,2,1,1,0,0,1,1,0,2,0,2,2,2,1,2,1,0,2,1,2,2,1,1,0,2,0,1,1,1,2,2,0,1,0,1,2,1,2,2,2,0,1,2,2,1,2,0,1,2,2,0,1,1,1,2,0,2,0,0,2,1,1,1,1,1,1,1,1,2,0,0,2,2,1,0,0,2,0,0,0,0,2,0,0,0,2,2,2,0,1,2,2,0,1,1,1,1,0,1,2,2,2,1,2,1,0,0,2,0,2,1,0,2,0,2,2,1,0,0,2,1,2,1,0,1,2,1,1,0,2,0,2,2,2,0,1,1,0,0,2,0,1,1,1,2,1,0, ,
fittness: 0.9166666666666666  Time :  52.0071535  ticks: 52.00675106048584
------Mutualism phase-----------
------Communalism phase-----------
------Parasitism faze-----------
 Best:1,0,1,1,0,0,1,2,1,1,2,2,2,2,0,0,1,0,2,1,0,0,2,2,2,0,0,0,0,1,0,0,0,1,0,2,0,1,2,1,1,0,1,1,2,2,0,0,2,0,2,1,2,2,2,2,1,1,2,0,1,2,2,2,2,1,2,2,1,2,2,1,0,0,1,0,2,2,1,2,2,2,1,2,1,0,2,0,1,1,2,2,1,1,2,0,1,0,1,2,1,2,2,1,1,1,1,2,2,2,0,2,0,2,2,0,0,1,0,1,1,1,0,1,1,0,2,1,1,1,1,1,2,1,2,1,2,0,1,2,0,2,2,1,1,1,2,1,0,1,2,2,2,2,1,0,2,2,2,1,0,0,2,0,0,0,2,1,1,2,2,1,1,1,1,2,0,0,1,2,0,0,2,0,2,1,1,1,0,0,0,2,0,2,0,1,2,1,1,1,2,1,0,2,1,1,1,0,0,2,1,0,0,1,1,1,2,2,2,0,2,2,1,1,0,2,1,1,1,0,0,0,2,1,2,2,2,1,2,2,0,1,0,1,1,0,2,1,1,2,1,0,1,2,0,2,0,1,2,2,1,1,2,0,1,2,0,2,1,0,1,2,0,0,1,1,0,0,1,2,0,1,1,1,1,1,0,2,0,2,1,2,2,1,2,0,0,1,1,1,0,0,1,0,0,2,1,0,2,2,0,2,0,1,1,0,0,0,1,1,1,2,1,1,1,0,2,2,1,2,2,2,2,0,0,0,1,1,1,0,2,0,1,0,2,0,2,2,2,1,1,1,1,2,0,2,1,2,2,1,2,2,1,1,1,1,1,2,0,1,0,2,1,2,1,1,0,0,1,1,2,1,2,2,0,0,2,2,2,0,1,1,1,2,0,1,2,2,2,2,2,2,0,1,2,0,0,1,2,0,2,2,1,0,2,1,0,2,0,2,2,1,0,0,2,2,1,1,2,2,1,0,2,1,0,1,1,1,2,0,1,0,2,0,2,1,1,0,2,1,0,1,2,1,2,0,2,1,0,2,1,1,1,2,2,2,2,1,2,2,0,2,0,2,1,2,1,0,1,1,0,1,0,1,0,1,0,1,0,2,2,1,0,2,0,0,1,0,0,1,1,0,2,2,0,1,0,2,0,1,1,1,1,1,1,1,2,0,2,2,2,0,2,2,1,1,2,2,2,1,0,2,2,2,0,0,1,2,1,0,2,2,2,0,2,0,2,2,2,0,2,1,2,1,2,1,1,1,0,1,0,2,1,2,0,0,0,2,1,1,0,0,1,0,2,1,0,0,0,2,2,0,1,2,0,1,2,1,1,2,2,0,1,2,1,2,2,2,0,2,1,2,0,1,0,1,0,0,2,0,2,2,1,2,2,1,0,2,0,2,1,1,0,1,2,1,2,1,1,1,0,1,1,1,0,0,0,0,1,2,1,1,0,2,1,2,1,0,1,0,2,2,1,1,0,2,2,2,2,0,2,0,1,2,2,1,2,0,2,0,0,1,0,2,2,0,1,0,0,1,0,1,1,1,1,2,2,2,1,1,0,1,1,0,0,1,0,2,0,2,0,2,2,2,1,1,0,0,2,1,2,2,2,1,2,2,2,1,2,1,0,2,1,1,0,2,0,0,2,1,2,0,1,2,0,0,2,2,1,1,1,0,0,0,2,0,0,2,1,0,2,1,1,1,2,2,0,2,1,0,2,1,1,2,0,2,2,1,1,0,1,0,1,1,0,0,1,1,2,0,1,0,1,2,2,2,1,1,2,0,1,0,2,0,1,0,2,2,2,2,0,2,2,0,2,1,1,2,0,0,1,1,0,2,2,0,2,0,1,1,0,0,0,0,1,2,0,0,1,1,2,2,2,2,2,1,1,1,2,1,1,0,2,0,1,1,0,2,1,1,0,2,1,2,1,1,0,0,1,1,0,2,0,2,2,2,1,2,1,0,2,1,2,2,1,1,0,2,0,1,1,1,2,2,0,1,0,1,2,1,2,2,2,0,1,2,2,1,2,0,1,2,2,0,1,1,1,2,0,2,0,0,2,1,1,1,1,1,1,1,1,2,0,0,2,2,1,0,0,2,0,0,0,0,2,0,0,0,2,2,2,0,1,2,2,0,1,1,1,1,0,1,2,2,2,1,2,1,0,0,2,0,2,1,0,2,0,2,2,1,0,0,2,1,2,1,0,1,2,1,1,0,2,0,2,2,2,0,1,1,0,0,2,0,1,1,1,2,1,0, ,
fittness: 0.9166666666666666  Time :  56.680109099999996  ticks: 56.680245876312256
------Mutualism phase-----------
------Communalism phase-----------
------Parasitism faze-----------
 Best:1,0,1,1,0,0,1,2,1,1,2,2,2,2,0,0,1,0,2,1,0,0,2,2,2,0,0,0,0,1,0,0,0,1,0,2,0,1,2,1,1,0,1,1,2,2,0,0,2,0,2,1,2,2,2,2,1,1,2,0,1,2,2,2,2,1,2,2,1,2,2,1,0,0,1,0,2,2,1,2,2,2,1,2,1,0,2,0,1,1,2,2,1,1,2,0,1,0,1,2,1,2,2,1,1,1,1,2,2,2,0,2,0,2,2,0,0,1,0,1,1,1,0,1,1,0,2,1,1,1,1,1,2,1,2,1,2,0,1,2,0,2,2,1,1,1,2,1,0,1,2,2,2,2,1,0,2,2,2,1,0,0,2,0,0,0,2,1,1,2,2,1,1,1,1,2,0,0,1,2,0,0,2,0,2,1,1,1,0,0,0,2,0,2,0,1,2,1,1,1,2,1,0,2,1,1,1,0,0,2,1,0,0,1,1,1,2,2,2,0,2,2,1,1,0,2,1,1,1,0,0,0,2,1,2,2,2,1,2,2,0,1,0,1,1,0,2,1,1,2,1,0,1,2,0,2,0,1,2,2,1,1,2,0,1,2,0,2,1,0,1,2,0,0,1,1,0,0,1,2,0,1,1,1,1,1,0,2,0,2,1,2,2,1,2,0,0,1,1,1,0,0,1,0,0,2,1,0,2,2,0,2,0,1,1,0,0,0,1,1,1,2,1,1,1,0,2,2,1,2,2,2,2,0,0,0,1,1,1,0,2,0,1,0,2,0,2,2,2,1,1,1,1,2,0,2,1,2,2,1,2,2,1,1,1,1,1,2,0,1,0,2,1,2,1,1,0,0,1,1,2,1,2,2,0,0,2,2,2,0,1,1,1,2,0,1,2,2,2,2,2,2,0,1,2,0,0,1,2,0,2,2,1,0,2,1,0,2,0,2,2,1,0,0,2,2,1,1,2,2,1,0,2,1,0,1,1,1,2,0,1,0,2,0,2,1,1,0,2,1,0,1,2,1,2,0,2,1,0,2,1,1,1,2,2,2,2,1,2,2,0,2,0,2,1,2,1,0,1,1,0,1,0,1,0,1,0,1,0,2,2,1,0,2,0,0,1,0,0,1,1,0,2,2,0,1,0,2,0,1,1,1,1,1,1,1,2,0,2,2,2,0,2,2,1,1,2,2,2,1,0,2,2,2,0,0,1,2,1,0,2,2,2,0,2,0,2,2,2,0,2,1,2,1,2,1,1,1,0,1,0,2,1,2,0,0,0,2,1,1,0,0,1,0,2,1,0,0,0,2,2,0,1,2,0,1,2,1,1,2,2,0,1,2,1,2,2,2,0,2,1,2,0,1,0,1,0,0,2,0,2,2,1,2,2,1,0,2,0,2,1,1,0,1,2,1,2,1,1,1,0,1,1,1,0,0,0,0,1,2,1,1,0,2,1,2,1,0,1,0,2,2,1,1,0,2,2,2,2,0,2,0,1,2,2,1,2,0,2,0,0,1,0,2,2,0,1,0,0,1,0,1,1,1,1,2,2,2,1,1,0,1,1,0,0,1,0,2,0,2,0,2,2,2,1,1,0,0,2,1,2,2,2,1,2,2,2,1,2,1,0,2,1,1,0,2,0,0,2,1,2,0,1,2,0,0,2,2,1,1,1,0,0,0,2,0,0,2,1,0,2,1,1,1,2,2,0,2,1,0,2,1,1,2,0,2,2,1,1,0,1,0,1,1,0,0,1,1,2,0,1,0,1,2,2,2,1,1,2,0,1,0,2,0,1,0,2,2,2,2,0,2,2,0,2,1,1,2,0,0,1,1,0,2,2,0,2,0,1,1,0,0,0,0,1,2,0,0,1,1,2,2,2,2,2,1,1,1,2,1,1,0,2,0,1,1,0,2,1,1,0,2,1,2,1,1,0,0,1,1,0,2,0,2,2,2,1,2,1,0,2,1,2,2,1,1,0,2,0,1,1,1,2,2,0,1,0,1,2,1,2,2,2,0,1,2,2,1,2,0,1,2,2,0,1,1,1,2,0,2,0,0,2,1,1,1,1,1,1,1,1,2,0,0,2,2,1,0,0,2,0,0,0,0,2,0,0,0,2,2,2,0,1,2,2,0,1,1,1,1,0,1,2,2,2,1,2,1,0,0,2,0,2,1,0,2,0,2,2,1,0,0,2,1,2,1,0,1,2,1,1,0,2,0,2,2,2,0,1,1,0,0,2,0,1,1,1,2,1,0, ,
fittness: 0.9166666666666666  Time :  61.538441199999994  ticks: 61.53820872306824
------Mutualism phase-----------
------Communalism phase-----------
------Parasitism faze-----------
 Best:1,0,1,1,0,0,1,2,1,1,2,2,2,2,0,0,1,0,2,1,0,0,2,2,2,0,0,0,0,1,0,0,0,1,0,2,0,1,2,1,1,0,1,1,2,2,0,0,2,0,2,1,2,2,2,2,1,1,2,0,1,2,2,2,2,1,2,2,1,2,2,1,0,0,1,0,2,2,1,2,2,2,1,2,1,0,2,0,1,1,2,2,1,1,2,0,1,0,1,2,1,2,2,1,1,1,1,2,2,2,0,2,0,2,2,0,0,1,0,1,1,1,0,1,1,0,2,1,1,1,1,1,2,1,2,1,2,0,1,2,0,2,2,1,1,1,2,1,0,1,2,2,2,2,1,0,2,2,2,1,0,0,2,0,0,0,2,1,1,2,2,1,1,1,1,2,0,0,1,2,0,0,2,0,2,1,1,1,0,0,0,2,0,2,0,1,2,1,1,1,2,1,0,2,1,1,1,0,0,2,1,0,0,1,1,1,2,2,2,0,2,2,1,1,0,2,1,1,1,0,0,0,2,1,2,2,2,1,2,2,0,1,0,1,1,0,2,1,1,2,1,0,1,2,0,2,0,1,2,2,1,1,2,0,1,2,0,2,1,0,1,2,0,0,1,1,0,0,1,2,0,1,1,1,1,1,0,2,0,2,1,2,2,1,2,0,0,1,1,1,0,0,1,0,0,2,1,0,2,2,0,2,0,1,1,0,0,0,1,1,1,2,1,1,1,0,2,2,1,2,2,2,2,0,0,0,1,1,1,0,2,0,1,0,2,0,2,2,2,1,1,1,1,2,0,2,1,2,2,1,2,2,1,1,1,1,1,2,0,1,0,2,1,2,1,1,0,0,1,1,2,1,2,2,0,0,2,2,2,0,1,1,1,2,0,1,2,2,2,2,2,2,0,1,2,0,0,1,2,0,2,2,1,0,2,1,0,2,0,2,2,1,0,0,2,2,1,1,2,2,1,0,2,1,0,1,1,1,2,0,1,0,2,0,2,1,1,0,2,1,0,1,2,1,2,0,2,1,0,2,1,1,1,2,2,2,2,1,2,2,0,2,0,2,1,2,1,0,1,1,0,1,0,1,0,1,0,1,0,2,2,1,0,2,0,0,1,0,0,1,1,0,2,2,0,1,0,2,0,1,1,1,1,1,1,1,2,0,2,2,2,0,2,2,1,1,2,2,2,1,0,2,2,2,0,0,1,2,1,0,2,2,2,0,2,0,2,2,2,0,2,1,2,1,2,1,1,1,0,1,0,2,1,2,0,0,0,2,1,1,0,0,1,0,2,1,0,0,0,2,2,0,1,2,0,1,2,1,1,2,2,0,1,2,1,2,2,2,0,2,1,2,0,1,0,1,0,0,2,0,2,2,1,2,2,1,0,2,0,2,1,1,0,1,2,1,2,1,1,1,0,1,1,1,0,0,0,0,1,2,1,1,0,2,1,2,1,0,1,0,2,2,1,1,0,2,2,2,2,0,2,0,1,2,2,1,2,0,2,0,0,1,0,2,2,0,1,0,0,1,0,1,1,1,1,2,2,2,1,1,0,1,1,0,0,1,0,2,0,2,0,2,2,2,1,1,0,0,2,1,2,2,2,1,2,2,2,1,2,1,0,2,1,1,0,2,0,0,2,1,2,0,1,2,0,0,2,2,1,1,1,0,0,0,2,0,0,2,1,0,2,1,1,1,2,2,0,2,1,0,2,1,1,2,0,2,2,1,1,0,1,0,1,1,0,0,1,1,2,0,1,0,1,2,2,2,1,1,2,0,1,0,2,0,1,0,2,2,2,2,0,2,2,0,2,1,1,2,0,0,1,1,0,2,2,0,2,0,1,1,0,0,0,0,1,2,0,0,1,1,2,2,2,2,2,1,1,1,2,1,1,0,2,0,1,1,0,2,1,1,0,2,1,2,1,1,0,0,1,1,0,2,0,2,2,2,1,2,1,0,2,1,2,2,1,1,0,2,0,1,1,1,2,2,0,1,0,1,2,1,2,2,2,0,1,2,2,1,2,0,1,2,2,0,1,1,1,2,0,2,0,0,2,1,1,1,1,1,1,1,1,2,0,0,2,2,1,0,0,2,0,0,0,0,2,0,0,0,2,2,2,0,1,2,2,0,1,1,1,1,0,1,2,2,2,1,2,1,0,0,2,0,2,1,0,2,0,2,2,1,0,0,2,1,2,1,0,1,2,1,1,0,2,0,2,2,2,0,1,1,0,0,2,0,1,1,1,2,1,0, ,
fittness: 0.9166666666666666  Time :  66.4363377  ticks: 66.43610525131226
------Mutualism phase-----------
------Communalism phase-----------
------Parasitism faze-----------
 Best:0,0,1,2,1,2,0,0,1,2,2,1,1,0,1,0,1,2,2,0,1,2,2,2,2,1,2,0,0,2,0,2,1,1,2,0,2,2,2,0,1,1,1,1,1,2,1,2,0,2,2,1,2,1,0,1,0,0,0,1,2,1,1,0,2,1,2,1,1,2,1,1,2,2,0,0,2,0,1,2,1,1,0,2,1,2,1,0,0,0,2,0,0,2,1,2,1,0,0,2,2,1,1,1,0,2,0,1,2,1,1,0,1,1,0,2,2,1,2,2,1,2,1,1,1,0,1,1,0,0,1,2,2,2,2,1,0,1,2,1,1,1,0,2,0,2,2,0,1,1,1,2,1,0,1,0,1,1,1,1,0,1,2,0,0,2,2,0,0,1,1,0,0,0,2,2,1,2,2,0,1,2,1,0,0,2,0,0,1,1,0,2,1,2,0,2,0,2,1,0,1,0,0,1,0,0,1,2,0,1,1,0,2,2,1,1,0,1,1,0,1,2,0,2,1,0,0,1,1,2,2,2,1,2,2,2,1,1,2,0,1,0,0,0,0,2,2,0,2,2,2,2,1,0,1,2,0,2,0,0,1,0,1,1,1,0,0,2,1,2,0,2,0,0,1,0,0,2,0,0,2,0,2,0,1,1,0,2,0,0,2,1,0,1,1,0,1,0,0,1,0,0,0,1,1,2,0,1,2,1,1,2,1,0,1,1,2,2,2,0,1,0,1,0,2,0,2,0,2,1,1,0,1,1,1,2,1,1,2,2,2,2,1,1,1,0,2,1,2,0,0,0,0,0,2,0,1,1,2,1,0,2,0,0,0,1,0,0,1,0,1,1,1,0,1,1,0,2,2,1,0,1,0,1,2,1,1,1,2,1,1,1,1,1,2,0,1,0,2,1,2,1,2,1,2,1,0,0,2,1,1,1,0,1,1,0,0,1,0,2,1,1,1,1,2,0,2,1,1,0,2,2,0,2,1,0,0,0,2,1,1,2,0,0,2,0,1,1,1,2,2,2,1,1,0,0,0,1,2,1,0,2,1,1,2,2,0,1,1,0,1,2,1,2,0,2,0,1,0,2,1,1,2,0,1,0,1,2,0,2,1,0,0,1,0,0,2,1,0,1,0,2,0,1,1,2,0,2,2,1,2,1,0,1,0,1,1,2,1,1,1,0,2,1,2,0,2,0,0,2,1,2,1,2,0,0,0,1,0,1,1,1,1,0,1,2,1,1,2,0,1,2,0,1,0,1,2,1,0,0,0,1,2,2,2,0,2,1,0,0,0,2,1,1,0,1,0,0,2,2,0,2,0,0,2,2,2,0,1,1,1,2,2,0,0,0,1,1,0,1,1,1,0,1,0,2,1,2,1,1,2,2,2,0,1,1,1,1,2,0,2,2,1,0,1,0,2,0,2,1,0,1,0,1,0,2,2,2,0,2,1,1,0,2,0,0,1,0,0,1,1,2,2,2,0,2,1,1,1,2,2,0,1,1,2,0,0,1,1,0,2,1,0,0,1,0,1,0,1,0,2,0,1,0,2,2,2,1,0,1,0,0,1,2,0,1,1,1,2,0,0,1,1,0,0,2,0,0,0,0,1,2,2,0,0,0,1,0,2,0,0,1,0,0,2,1,1,0,1,0,2,1,0,0,1,2,2,2,2,2,1,1,1,0,1,1,1,2,2,1,2,1,0,0,0,0,2,2,1,2,2,2,2,2,1,2,1,2,1,1,2,2,2,0,0,1,0,1,1,2,2,0,1,0,2,0,2,2,2,2,2,0,0,0,0,1,1,0,1,2,2,1,1,1,1,0,2,0,1,0,1,0,0,1,2,2,2,2,0,0,0,2,0,2,0,1,2,0,2,2,2,1,2,2,1,2,2,0,1,1,1,0,2,0,0,0,1,1,1,1,1,1,2,2,1,1,0,0,1,2,0,2,2,0,0,0,0,2,0,0,0,1,0,2,1,1,2,2,1,1,0,0,2,2,1,2,2,0,0,1,1,0,1,2,2,1,2,0,2,0,2,1,0,2,0,0,0,0,0,0,0,0,1,0,1,0,2,1,0,0,0,1,0,2,1,1,1,0,0,0,2,0,2,0,2,1,1,2,2,1,2,2,1,1,2,2,1,1,0,2,0,1,1,2,1,0,1,1,0,0,0,0,2,1,0,1,2,1,0,0,2,2,0,1,2,1,2,2,0,1,2,2,0,0,2,1,2,1,0,1,2,0,0,1,0,0,1,1,2,0, ,
fittness: 1.0  Time :  70.9762373  ticks: 70.97596073150635
 number of generations :  13
 Best:0,0,1,2,1,2,0,0,1,2,2,1,1,0,1,0,1,2,2,0,1,2,2,2,2,1,2,0,0,2,0,2,1,1,2,0,2,2,2,0,1,1,1,1,1,2,1,2,0,2,2,1,2,1,0,1,0,0,0,1,2,1,1,0,2,1,2,1,1,2,1,1,2,2,0,0,2,0,1,2,1,1,0,2,1,2,1,0,0,0,2,0,0,2,1,2,1,0,0,2,2,1,1,1,0,2,0,1,2,1,1,0,1,1,0,2,2,1,2,2,1,2,1,1,1,0,1,1,0,0,1,2,2,2,2,1,0,1,2,1,1,1,0,2,0,2,2,0,1,1,1,2,1,0,1,0,1,1,1,1,0,1,2,0,0,2,2,0,0,1,1,0,0,0,2,2,1,2,2,0,1,2,1,0,0,2,0,0,1,1,0,2,1,2,0,2,0,2,1,0,1,0,0,1,0,0,1,2,0,1,1,0,2,2,1,1,0,1,1,0,1,2,0,2,1,0,0,1,1,2,2,2,1,2,2,2,1,1,2,0,1,0,0,0,0,2,2,0,2,2,2,2,1,0,1,2,0,2,0,0,1,0,1,1,1,0,0,2,1,2,0,2,0,0,1,0,0,2,0,0,2,0,2,0,1,1,0,2,0,0,2,1,0,1,1,0,1,0,0,1,0,0,0,1,1,2,0,1,2,1,1,2,1,0,1,1,2,2,2,0,1,0,1,0,2,0,2,0,2,1,1,0,1,1,1,2,1,1,2,2,2,2,1,1,1,0,2,1,2,0,0,0,0,0,2,0,1,1,2,1,0,2,0,0,0,1,0,0,1,0,1,1,1,0,1,1,0,2,2,1,0,1,0,1,2,1,1,1,2,1,1,1,1,1,2,0,1,0,2,1,2,1,2,1,2,1,0,0,2,1,1,1,0,1,1,0,0,1,0,2,1,1,1,1,2,0,2,1,1,0,2,2,0,2,1,0,0,0,2,1,1,2,0,0,2,0,1,1,1,2,2,2,1,1,0,0,0,1,2,1,0,2,1,1,2,2,0,1,1,0,1,2,1,2,0,2,0,1,0,2,1,1,2,0,1,0,1,2,0,2,1,0,0,1,0,0,2,1,0,1,0,2,0,1,1,2,0,2,2,1,2,1,0,1,0,1,1,2,1,1,1,0,2,1,2,0,2,0,0,2,1,2,1,2,0,0,0,1,0,1,1,1,1,0,1,2,1,1,2,0,1,2,0,1,0,1,2,1,0,0,0,1,2,2,2,0,2,1,0,0,0,2,1,1,0,1,0,0,2,2,0,2,0,0,2,2,2,0,1,1,1,2,2,0,0,0,1,1,0,1,1,1,0,1,0,2,1,2,1,1,2,2,2,0,1,1,1,1,2,0,2,2,1,0,1,0,2,0,2,1,0,1,0,1,0,2,2,2,0,2,1,1,0,2,0,0,1,0,0,1,1,2,2,2,0,2,1,1,1,2,2,0,1,1,2,0,0,1,1,0,2,1,0,0,1,0,1,0,1,0,2,0,1,0,2,2,2,1,0,1,0,0,1,2,0,1,1,1,2,0,0,1,1,0,0,2,0,0,0,0,1,2,2,0,0,0,1,0,2,0,0,1,0,0,2,1,1,0,1,0,2,1,0,0,1,2,2,2,2,2,1,1,1,0,1,1,1,2,2,1,2,1,0,0,0,0,2,2,1,2,2,2,2,2,1,2,1,2,1,1,2,2,2,0,0,1,0,1,1,2,2,0,1,0,2,0,2,2,2,2,2,0,0,0,0,1,1,0,1,2,2,1,1,1,1,0,2,0,1,0,1,0,0,1,2,2,2,2,0,0,0,2,0,2,0,1,2,0,2,2,2,1,2,2,1,2,2,0,1,1,1,0,2,0,0,0,1,1,1,1,1,1,2,2,1,1,0,0,1,2,0,2,2,0,0,0,0,2,0,0,0,1,0,2,1,1,2,2,1,1,0,0,2,2,1,2,2,0,0,1,1,0,1,2,2,1,2,0,2,0,2,1,0,2,0,0,0,0,0,0,0,0,1,0,1,0,2,1,0,0,0,1,0,2,1,1,1,0,0,0,2,0,2,0,2,1,1,2,2,1,2,2,1,1,2,2,1,1,0,2,0,1,1,2,1,0,1,1,0,0,0,0,2,1,0,1,2,1,0,0,2,2,0,1,2,1,2,2,0,1,2,2,0,0,2,1,2,1,0,1,2,0,0,1,0,0,1,1,2,0, ,
fittness: 1.0  Time :  70.9768625  ticks: 70.97695851325989
[[(True, 'Anti Flat Player', 34), (True, 'Copy Player', 5), (True, 'Freq Player', 4), (False, 'Flat Player', -23), (True, 'Foxtrot Player', 3), (True, 'Bruijn 81 Player', 30), (True, 'Pi Player', 62), (True, '226 Player', 17), (True, 'Random Player', 17), (True, 'Rotating Player', 38), (True, 'Switching Player', 33), (True, 'Switch a Lot Player', 63), (True, 'greenberg', 10), (True, 'iocaine', 4)], [(True, 'Anti Flat Player', 39), (True, 'Copy Player', 5), (True, 'Freq Player', 4), (False, 'Flat Player', -23), (False, 'Foxtrot Player', -19), (True, 'Bruijn 81 Player', 30), (True, 'Pi Player', 62), (True, '226 Player', 1), (False, 'Random Player', -46), (True, 'Rotating Player', 38), (False, 'Switching Player', -2), (False, 'Switch a Lot Player', -14), (True, 'greenberg', 7), (False, 'iocaine', -11)], [(True, 'Anti Flat Player', 39), (True, 'Copy Player', 5), (True, 'Freq Player', 4), (False, 'Flat Player', -21), (True, 'Foxtrot Player', 30), (True, 'Bruijn 81 Player', 30), (True, 'Pi Player', 62), (False, '226 Player', -30), (False, 'Random Player', -12), (True, 'Rotating Player', 38), (True, 'Switching Player', 43), (False, 'Switch a Lot Player', -17), (False, 'greenberg', -9), (True, 'iocaine', 21)], [(True, 'Anti Flat Player', 36), (True, 'Copy Player', 5), (True, 'Freq Player', 4), (False, 'Flat Player', -10), (False, 'Foxtrot Player', -2), (True, 'Bruijn 81 Player', 30), (True, 'Pi Player', 62), (False, '226 Player', -12), (True, 'Random Player', 35), (True, 'Rotating Player', 38), (True, 'Switching Player', 31), (False, 'Switch a Lot Player', -45), (False, 'greenberg', -14), (True, 'iocaine', 8)], [(True, 'Anti Flat Player', 35), (True, 'Copy Player', 5), (True, 'Freq Player', 4), (False, 'Flat Player', -50), (False, 'Foxtrot Player', -7), (True, 'Bruijn 81 Player', 30), (True, 'Pi Player', 62), (True, '226 Player', 2), (True, 'Random Player', 20), (True, 'Rotating Player', 38), (False, 'Switching Player', -17), (True, 'Switch a Lot Player', 9), (False, 'greenberg', -17), (True, 'iocaine', 21)], [(True, 'Anti Flat Player', 35), (True, 'Copy Player', 5), (True, 'Freq Player', 4), (True, 'Flat Player', 49), (True, 'Foxtrot Player', 39), (True, 'Bruijn 81 Player', 30), (True, 'Pi Player', 62), (False, '226 Player', -11), (True, 'Random Player', 12), (True, 'Rotating Player', 38), (True, 'Switching Player', 37), (False, 'Switch a Lot Player', -46), (False, 'greenberg', -42), (True, 'iocaine', 7)], [(True, 'Anti Flat Player', 36), (True, 'Copy Player', 5), (True, 'Freq Player', 4), (False, 'Flat Player', -32), (False, 'Foxtrot Player', -5), (True, 'Bruijn 81 Player', 30), (True, 'Pi Player', 62), (False, '226 Player', -29), (False, 'Random Player', -4), (True, 'Rotating Player', 38), (False, 'Switching Player', -19), (False, 'Switch a Lot Player', -9), (True, 'greenberg', 5), (True, 'iocaine', 18)], [(True, 'Anti Flat Player', 36), (True, 'Copy Player', 5), (True, 'Freq Player', 4), (False, 'Flat Player', -10), (True, 'Foxtrot Player', 5), (True, 'Bruijn 81 Player', 30), (True, 'Pi Player', 62), (True, '226 Player', 16), (True, 'Random Player', 12), (True, 'Rotating Player', 38), (True, 'Switching Player', 21), (True, 'Switch a Lot Player', 3), (False, 'greenberg', -5), (False, 'iocaine', -23)], [(True, 'Anti Flat Player', 38), (True, 'Copy Player', 5), (True, 'Freq Player', 4), (False, 'Flat Player', -13), (True, 'Foxtrot Player', 3), (True, 'Bruijn 81 Player', 30), (True, 'Pi Player', 62), (True, '226 Player', 4), (False, 'Random Player', -39), (True, 'Rotating Player', 38), (False, 'Switching Player', -4), (False, 'Switch a Lot Player', -16), (True, 'greenberg', 47), (False, 'iocaine', -24)], [(True, 'Anti Flat Player', 38), (True, 'Copy Player', 5), (True, 'Freq Player', 4), (False, 'Flat Player', -10), (False, 'Foxtrot Player', -36), (True, 'Bruijn 81 Player', 30), (True, 'Pi Player', 62), (False, '226 Player', -38), (False, 'Random Player', -14), (True, 'Rotating Player', 38), (False, 'Switching Player', -23), (True, 'Switch a Lot Player', 4), (True, 'greenberg', 5), (False, 'iocaine', -21)], [(True, 'Anti Flat Player', 37), (True, 'Copy Player', 5), (True, 'Freq Player', 4), (True, 'Flat Player', 30), (True, 'Foxtrot Player', 17), (True, 'Bruijn 81 Player', 30), (True, 'Pi Player', 62), (True, '226 Player', 13), (False, 'Random Player', -1), (True, 'Rotating Player', 38), (False, 'Switching Player', -1), (False, 'Switch a Lot Player', -20), (False, 'greenberg', -6), (True, 'iocaine', 17)], [(True, 'Anti Flat Player', 37), (True, 'Copy Player', 5), (True, 'Freq Player', 4), (False, 'Flat Player', -51), (True, 'Foxtrot Player', 26), (True, 'Bruijn 81 Player', 30), (True, 'Pi Player', 62), (False, '226 Player', -26), (True, 'Random Player', 43), (True, 'Rotating Player', 38), (True, 'Switching Player', 2), (True, 'Switch a Lot Player', 32), (True, 'greenberg', 29), (True, 'iocaine', 5)], [(True, 'Anti Flat Player', 37), (True, 'Copy Player', 5), (True, 'Freq Player', 4), (True, 'Flat Player', 21), (False, 'Foxtrot Player', -2), (True, 'Bruijn 81 Player', 30), (True, 'Pi Player', 62), (False, '226 Player', -6), (True, 'Random Player', 5), (True, 'Rotating Player', 38), (True, 'Switching Player', 20), (True, 'Switch a Lot Player', 12), (True, 'greenberg', 21), (False, 'iocaine', -58)], [(True, 'Anti Flat Player', 38), (True, 'Copy Player', 5), (True, 'Freq Player', 4), (True, 'Flat Player', 45), (False, 'Foxtrot Player', -12), (True, 'Bruijn 81 Player', 30), (True, 'Pi Player', 62), (False, '226 Player', -15), (False, 'Random Player', -14), (True, 'Rotating Player', 38), (False, 'Switching Player', -17), (True, 'Switch a Lot Player', 44), (False, 'greenberg', -15), (False, 'iocaine', -32)], [(True, 'Anti Flat Player', 35), (True, 'Copy Player', 5), (True, 'Freq Player', 4), (True, 'Flat Player', 32), (True, 'Foxtrot Player', 11), (True, 'Bruijn 81 Player', 30), (True, 'Pi Player', 62), (True, '226 Player', 14), (False, 'Random Player', -26), (True, 'Rotating Player', 38), (True, 'Switching Player', 20), (False, 'Switch a Lot Player', -3), (True, 'greenberg', 0), (False, 'iocaine', -1)], [(True, 'Anti Flat Player', 37), (True, 'Copy Player', 5), (True, 'Freq Player', 4), (True, 'Flat Player', 38), (True, 'Foxtrot Player', 31), (True, 'Bruijn 81 Player', 30), (True, 'Pi Player', 62), (True, '226 Player', 18), (False, 'Random Player', -1), (True, 'Rotating Player', 38), (True, 'Switching Player', 46), (True, 'Switch a Lot Player', 0), (False, 'greenberg', -42), (True, 'iocaine', 20)], [(True, 'Anti Flat Player', 36), (True, 'Copy Player', 5), (True, 'Freq Player', 4), (False, 'Flat Player', -55), (False, 'Foxtrot Player', -2), (True, 'Bruijn 81 Player', 30), (True, 'Pi Player', 62), (True, '226 Player', 10), (False, 'Random Player', -4), (True, 'Rotating Player', 38), (True, 'Switching Player', 25), (True, 'Switch a Lot Player', 19), (False, 'greenberg', -47), (False, 'iocaine', -45)], [(True, 'Anti Flat Player', 35), (True, 'Copy Player', 5), (True, 'Freq Player', 4), (True, 'Flat Player', 15), (True, 'Foxtrot Player', 21), (True, 'Bruijn 81 Player', 30), (True, 'Pi Player', 62), (False, '226 Player', -21), (True, 'Random Player', 15), (True, 'Rotating Player', 38), (True, 'Switching Player', 2), (True, 'Switch a Lot Player', 6), (True, 'greenberg', 10), (True, 'iocaine', 2)], [(True, 'Anti Flat Player', 37), (True, 'Copy Player', 5), (True, 'Freq Player', 4), (False, 'Flat Player', -7), (True, 'Foxtrot Player', 11), (True, 'Bruijn 81 Player', 30), (True, 'Pi Player', 62), (True, '226 Player', 6), (True, 'Random Player', 10), (True, 'Rotating Player', 38), (True, 'Switching Player', 4), (False, 'Switch a Lot Player', -5), (True, 'greenberg', 6), (True, 'iocaine', 2)], [(True, 'Anti Flat Player', 34), (True, 'Copy Player', 5), (True, 'Freq Player', 4), (True, 'Flat Player', 9), (False, 'Foxtrot Player', -34), (True, 'Bruijn 81 Player', 30), (True, 'Pi Player', 62), (True, '226 Player', 0), (False, 'Random Player', -49), (True, 'Rotating Player', 38), (False, 'Switching Player', -16), (True, 'Switch a Lot Player', 15), (True, 'greenberg', 21), (False, 'iocaine', -11)], [(True, 'Anti Flat Player', 38), (True, 'Copy Player', 5), (True, 'Freq Player', 4), (False, 'Flat Player', -11), (True, 'Foxtrot Player', 12), (True, 'Bruijn 81 Player', 30), (True, 'Pi Player', 62), (False, '226 Player', -3), (False, 'Random Player', -27), (True, 'Rotating Player', 38), (False, 'Switching Player', -54), (True, 'Switch a Lot Player', 14), (False, 'greenberg', -25), (True, 'iocaine', 19)], [(True, 'Anti Flat Player', 35), (True, 'Copy Player', 5), (True, 'Freq Player', 4), (True, 'Flat Player', 13), (False, 'Foxtrot Player', -1), (True, 'Bruijn 81 Player', 30), (True, 'Pi Player', 62), (True, '226 Player', 36), (True, 'Random Player', 39), (True, 'Rotating Player', 38), (True, 'Switching Player', 5), (False, 'Switch a Lot Player', -6), (True, 'greenberg', 46), (True, 'iocaine', 16)], [(True, 'Anti Flat Player', 36), (True, 'Copy Player', 5), (True, 'Freq Player', 4), (True, 'Flat Player', 4), (False, 'Foxtrot Player', -32), (True, 'Bruijn 81 Player', 30), (True, 'Pi Player', 62), (True, '226 Player', 18), (False, 'Random Player', -5), (True, 'Rotating Player', 38), (True, 'Switching Player', 60), (False, 'Switch a Lot Player', -5), (True, 'greenberg', 58), (False, 'iocaine', -9)], [(True, 'Anti Flat Player', 34), (True, 'Copy Player', 5), (True, 'Freq Player', 4), (True, 'Flat Player', 57), (False, 'Foxtrot Player', -3), (True, 'Bruijn 81 Player', 30), (True, 'Pi Player', 62), (False, '226 Player', -4), (True, 'Random Player', 3), (True, 'Rotating Player', 38), (False, 'Switching Player', -79), (True, 'Switch a Lot Player', 8), (True, 'greenberg', 23), (True, 'iocaine', 30)], [(True, 'Anti Flat Player', 35), (True, 'Copy Player', 5), (True, 'Freq Player', 4), (False, 'Flat Player', -30), (True, 'Foxtrot Player', 10), (True, 'Bruijn 81 Player', 30), (True, 'Pi Player', 62), (False, '226 Player', -18), (False, 'Random Player', -37), (True, 'Rotating Player', 38), (False, 'Switching Player', -15), (True, 'Switch a Lot Player', 3), (True, 'greenberg', 1), (False, 'iocaine', -13)], [(True, 'Anti Flat Player', 37), (True, 'Copy Player', 5), (True, 'Freq Player', 4), (True, 'Flat Player', 35), (False, 'Foxtrot Player', -28), (True, 'Bruijn 81 Player', 30), (True, 'Pi Player', 62), (True, '226 Player', 3), (False, 'Random Player', -20), (True, 'Rotating Player', 38), (False, 'Switching Player', -12), (False, 'Switch a Lot Player', -38), (False, 'greenberg', -26), (False, 'iocaine', -39)], [(True, 'Anti Flat Player', 37), (True, 'Copy Player', 5), (True, 'Freq Player', 4), (True, 'Flat Player', 17), (False, 'Foxtrot Player', -11), (True, 'Bruijn 81 Player', 30), (True, 'Pi Player', 62), (True, '226 Player', 8), (True, 'Random Player', 35), (True, 'Rotating Player', 38), (True, 'Switching Player', 34), (False, 'Switch a Lot Player', -11), (True, 'greenberg', 16), (False, 'iocaine', -23)], [(True, 'Anti Flat Player', 38), (True, 'Copy Player', 5), (True, 'Freq Player', 4), (True, 'Flat Player', 6), (True, 'Foxtrot Player', 0), (True, 'Bruijn 81 Player', 30), (True, 'Pi Player', 62), (False, '226 Player', -21), (True, 'Random Player', 7), (True, 'Rotating Player', 38), (False, 'Switching Player', -3), (False, 'Switch a Lot Player', -19), (True, 'greenberg', 9), (False, 'iocaine', -22)], [(True, 'Anti Flat Player', 35), (True, 'Copy Player', 5), (True, 'Freq Player', 4), (True, 'Flat Player', 33), (False, 'Foxtrot Player', -25), (True, 'Bruijn 81 Player', 30), (True, 'Pi Player', 62), (True, '226 Player', 30), (False, 'Random Player', -16), (True, 'Rotating Player', 38), (False, 'Switching Player', -22), (True, 'Switch a Lot Player', 17), (False, 'greenberg', -36), (False, 'iocaine', -22)], [(True, 'Anti Flat Player', 35), (True, 'Copy Player', 5), (True, 'Freq Player', 4), (True, 'Flat Player', 0), (True, 'Foxtrot Player', 1), (True, 'Bruijn 81 Player', 30), (True, 'Pi Player', 62), (False, '226 Player', -13), (False, 'Random Player', -18), (True, 'Rotating Player', 38), (True, 'Switching Player', 17), (False, 'Switch a Lot Player', -4), (True, 'greenberg', 21), (False, 'iocaine', -7)]]
Anti Flat Player's win ratio is 46% and it's average score is -66.8
Copy Player's win ratio is 53% and it's average score is -133.53333333333333
Freq Player's win ratio is 46% and it's average score is -197.53333333333333
Flat Player's win ratio is 40% and it's average score is -211.4
Foxtrot Player's win ratio is 53% and it's average score is -229.6
Bruijn 81 Player's win ratio is 53% and it's average score is -234.86666666666667
Pi Player's win ratio is 53% and it's average score is -231.66666666666666
226 Player's win ratio is 40% and it's average score is -261.26666666666665
Random Player's win ratio is 46% and it's average score is -258.4
Rotating Player's win ratio is 53% and it's average score is -321.46666666666664
Switching Player's win ratio is 46% and it's average score is -350.8
Switch a Lot Player's win ratio is 53% and it's average score is -351.4
greenberg's win ratio is 38% and it's average score is -2.5384615384615383
iocaine's win ratio is 100% and it's average score is 3268.769230769231
Our Agent's win ratio is 71% and it's average score is 14.357142857142858


Anti Flat Player's win ratio is 60% and it's average score is -62.8
Copy Player's win ratio is 53% and it's average score is -132.4
Freq Player's win ratio is 53% and it's average score is -196.33333333333334
Flat Player's win ratio is 60% and it's average score is -206.26666666666668
Foxtrot Player's win ratio is 53% and it's average score is -231.93333333333334
Bruijn 81 Player's win ratio is 53% and it's average score is -236.8
Pi Player's win ratio is 60% and it's average score is -232.66666666666666
226 Player's win ratio is 53% and it's average score is -265.26666666666665
Random Player's win ratio is 53% and it's average score is -264.26666666666665
Rotating Player's win ratio is 53% and it's average score is -330.1333333333333
Switching Player's win ratio is 60% and it's average score is -339.93333333333334
Switch a Lot Player's win ratio is 53% and it's average score is -348.2
greenberg's win ratio is 61% and it's average score is -1.0
iocaine's win ratio is 92% and it's average score is 3312.6153846153848
Our Agent's win ratio is 85% and it's average score is 21.5


Anti Flat Player's win ratio is 46% and it's average score is -64.86666666666666
Copy Player's win ratio is 40% and it's average score is -137.86666666666667
Freq Player's win ratio is 40% and it's average score is -199.33333333333334
Flat Player's win ratio is 40% and it's average score is -203.73333333333332
Foxtrot Player's win ratio is 46% and it's average score is -225.2
Bruijn 81 Player's win ratio is 40% and it's average score is -229.8
Pi Player's win ratio is 40% and it's average score is -230.13333333333333
226 Player's win ratio is 46% and it's average score is -254.8
Random Player's win ratio is 33% and it's average score is -262.3333333333333
Rotating Player's win ratio is 46% and it's average score is -322.53333333333336
Switching Player's win ratio is 33% and it's average score is -345.8
Switch a Lot Player's win ratio is 46% and it's average score is -340.6666666666667
greenberg's win ratio is 46% and it's average score is -3.4615384615384617
iocaine's win ratio is 100% and it's average score is 3221.153846153846
Our Agent's win ratio is 71% and it's average score is 14.357142857142858


Anti Flat Player's win ratio is 20% and it's average score is -74.46666666666667
Copy Player's win ratio is 26% and it's average score is -141.2
Freq Player's win ratio is 26% and it's average score is -201.0
Flat Player's win ratio is 13% and it's average score is -213.46666666666667
Foxtrot Player's win ratio is 20% and it's average score is -237.26666666666668
Bruijn 81 Player's win ratio is 20% and it's average score is -240.53333333333333
Pi Player's win ratio is 20% and it's average score is -238.8
226 Player's win ratio is 20% and it's average score is -267.4
Random Player's win ratio is 20% and it's average score is -264.8
Rotating Player's win ratio is 26% and it's average score is -329.6666666666667
Switching Player's win ratio is 20% and it's average score is -350.46666666666664
Switch a Lot Player's win ratio is 20% and it's average score is -353.0
greenberg's win ratio is 53% and it's average score is 3.923076923076923
iocaine's win ratio is 100% and it's average score is 3221.076923076923
Our Agent's win ratio is 71% and it's average score is 9.0


Anti Flat Player's win ratio is 40% and it's average score is -63.666666666666664
Copy Player's win ratio is 46% and it's average score is -129.53333333333333
Freq Player's win ratio is 40% and it's average score is -192.73333333333332
Flat Player's win ratio is 33% and it's average score is -208.2
Foxtrot Player's win ratio is 40% and it's average score is -233.6
Bruijn 81 Player's win ratio is 40% and it's average score is -239.33333333333334
Pi Player's win ratio is 40% and it's average score is -235.6
226 Player's win ratio is 33% and it's average score is -262.53333333333336
Random Player's win ratio is 33% and it's average score is -261.8666666666667
Rotating Player's win ratio is 40% and it's average score is -325.46666666666664
Switching Player's win ratio is 40% and it's average score is -346.46666666666664
Switch a Lot Player's win ratio is 46% and it's average score is -347.53333333333336
greenberg's win ratio is 76% and it's average score is 9.23076923076923
iocaine's win ratio is 92% and it's average score is 3305.230769230769
Our Agent's win ratio is 64% and it's average score is 10.785714285714286



Process finished with exit code 0
