
enter a name for the results file:
the results belong to the tournement between our agent against all other agents , not all participants against each other 
try_functionality
enter number of rounds!:20
enter number of max iterations !:20
enter population size:50
check experts during co-evolution : 
not recommended with high population size ,experts take too much time to think
true: 1 
false: 00
0.8333333333333334
------Mutualism phase-----------
------Communalism phase-----------
------Parasitism faze-----------
 Best:1,2,2,2,2,0,0,0,1,0,0,0,2,2,1,2,2,1,1,0,2,1,1,2,0,2,2,0,0,0,0,2,2,2,2,0,2,1,1,1,0,1,2,2,2,2,1,2,1,1,1,2,2,2,0,2,0,0,1,1,2,1,0,1,1,1,2,1,0,2,1,1,2,1,1,1,2,0,0,0,1,0,0,2,0,1,0,2,2,0,0,2,0,0,2,2,0,0,0,2,2,0,0,0,2,0,0,1,0,1,1,0,0,0,1,0,2,0,0,2,2,0,2,2,2,2,2,1,1,2,0,1,2,2,1,1,0,0,0,1,0,2,0,1,0,1,2,1,0,1,2,0,1,2,1,1,0,0,0,2,2,1,1,2,0,2,2,2,1,2,2,1,0,1,1,0,0,1,2,0,0,0,2,2,2,1,2,2,2,1,2,2,1,0,2,0,1,1,1,2,2,0,0,2,1,2,2,0,1,2,0,0,2,1,2,0,1,1,2,0,2,1,0,0,1,1,1,1,2,1,1,1,1,1,1,1,2,1,0,0,0,2,2,2,0,1,2,2,0,0,0,1,0,2,0,2,1,0,0,1,2,0,1,2,2,2,0,0,0,1,2,2,2,2,2,2,1,0,2,2,1,0,2,2,0,2,1,1,2,0,2,1,2,0,1,1,1,2,2,1,2,1,1,0,2,1,2,1,2,1,0,0,2,1,2,0,1,0,0,2,2,0,0,1,0,0,1,2,2,1,1,2,0,2,1,2,2,2,2,1,0,2,1,2,1,2,1,1,2,0,2,2,1,0,2,1,2,0,0,2,0,0,2,2,0,0,2,2,1,1,1,1,1,0,2,1,0,1,1,2,2,0,2,1,0,1,2,2,1,0,1,0,0,2,1,0,1,0,0,0,1,0,0,0,2,2,0,2,1,0,2,1,2,1,2,0,2,2,2,2,2,0,0,1,2,2,0,2,2,2,0,2,0,0,2,2,1,0,0,0,2,2,1,1,2,0,0,0,2,1,2,0,2,2,1,1,2,0,1,0,1,1,0,2,1,2,0,2,2,2,2,2,0,1,0,2,0,1,0,2,0,1,0,0,1,0,2,1,2,1,0,1,2,1,0,2,2,2,0,2,2,2,0,0,1,2,2,2,0,0,1,2,0,0,2,1,0,1,1,1,2,2,2,2,0,2,1,2,0,2,0,1,2,0,1,2,1,0,0,0,0,2,2,0,0,1,2,0,2,1,0,0,1,1,0,0,2,1,1,1,1,0,0,2,2,1,2,0,1,2,0,1,2,1,1,0,2,0,2,1,2,0,2,0,0,1,0,1,2,0,0,2,0,1,2,2,1,0,1,1,2,0,0,2,0,1,0,1,0,1,0,1,2,1,0,1,0,0,1,2,0,2,2,0,0,0,2,0,1,0,1,2,1,0,0,1,0,0,0,2,2,0,0,0,1,1,2,2,2,2,0,0,0,2,2,2,2,2,0,0,1,0,2,2,1,1,0,1,2,1,0,2,0,2,0,1,0,0,2,2,2,0,0,1,2,1,0,2,0,2,0,2,0,1,1,2,0,0,1,1,2,0,1,1,0,0,2,0,0,0,2,2,2,0,0,0,1,0,2,2,2,1,1,2,1,2,0,0,0,2,1,0,1,0,2,2,1,1,2,0,0,2,2,1,1,0,1,0,0,2,0,1,2,1,1,0,0,1,1,2,2,2,0,1,2,1,1,2,0,0,2,1,2,2,2,1,2,2,0,2,0,1,1,1,2,1,2,2,0,2,2,1,2,2,2,0,1,1,0,0,1,2,2,2,2,2,2,1,0,0,1,2,0,1,0,0,0,2,2,1,0,2,1,0,2,1,0,1,1,2,2,1,1,0,2,2,1,0,1,0,1,0,0,2,1,2,2,2,0,0,1,2,2,2,2,0,2,0,1,1,2,1,1,0,1,1,0,1,1,2,1,0,1,1,0,1,1,0,2,2,0,2,2,1,0,2,1,2,0,2,0,0,1,2,1,1,1,2,0,1,0,0,1,0,2,2,2,2,1,1,0,1,0,1,2,0,2,1,1,1,0,1,2,1,2,1,1,1,0,0,0,1,0,0,2,1,2,0,2,2,0,0,0,2,2,0,1,2,1,0,2,1,0,1,0,1,0,1,2,0,0,2,2,0,0,0,0,2,2,0,0,0,2,1,1,2,1,1,1,2,0,2,2,0,1,0,2,2,2,2,0,2,0,1,0,0,1,2,2,2, ,
fittness: 0.8333333333333334  Time :  3.000284699999998  ticks: 3.0000109672546387
------Mutualism phase-----------
------Communalism phase-----------
------Parasitism faze-----------
 Best:1,2,2,2,2,0,0,0,1,0,0,0,2,2,1,2,2,1,1,0,2,1,1,2,0,2,2,0,0,0,0,2,2,2,2,0,2,1,1,1,0,1,2,2,2,2,1,2,1,1,1,2,2,2,0,2,0,0,1,1,2,1,0,1,1,1,2,1,0,2,1,1,2,1,1,1,2,0,0,0,1,0,0,2,0,1,0,2,2,0,0,2,0,0,2,2,0,0,0,2,2,0,0,0,2,0,0,1,0,1,1,0,0,0,1,0,2,0,0,2,2,0,2,2,2,2,2,1,1,2,0,1,2,2,1,1,0,0,0,1,0,2,0,1,0,1,2,1,0,1,2,0,1,2,1,1,0,0,0,2,2,1,1,2,0,2,2,2,1,2,2,1,0,1,1,0,0,1,2,0,0,0,2,2,2,1,2,2,2,1,2,2,1,0,2,0,1,1,1,2,2,0,0,2,1,2,2,0,1,2,0,0,2,1,2,0,1,1,2,0,2,1,0,0,1,1,1,1,2,1,1,1,1,1,1,1,2,1,0,0,0,2,2,2,0,1,2,2,0,0,0,1,0,2,0,2,1,0,0,1,2,0,1,2,2,2,0,0,0,1,2,2,2,2,2,2,1,0,2,2,1,0,2,2,0,2,1,1,2,0,2,1,2,0,1,1,1,2,2,1,2,1,1,0,2,1,2,1,2,1,0,0,2,1,2,0,1,0,0,2,2,0,0,1,0,0,1,2,2,1,1,2,0,2,1,2,2,2,2,1,0,2,1,2,1,2,1,1,2,0,2,2,1,0,2,1,2,0,0,2,0,0,2,2,0,0,2,2,1,1,1,1,1,0,2,1,0,1,1,2,2,0,2,1,0,1,2,2,1,0,1,0,0,2,1,0,1,0,0,0,1,0,0,0,2,2,0,2,1,0,2,1,2,1,2,0,2,2,2,2,2,0,0,1,2,2,0,2,2,2,0,2,0,0,2,2,1,0,0,0,2,2,1,1,2,0,0,0,2,1,2,0,2,2,1,1,2,0,1,0,1,1,0,2,1,2,0,2,2,2,2,2,0,1,0,2,0,1,0,2,0,1,0,0,1,0,2,1,2,1,0,1,2,1,0,2,2,2,0,2,2,2,0,0,1,2,2,2,0,0,1,2,0,0,2,1,0,1,1,1,2,2,2,2,0,2,1,2,0,2,0,1,2,0,1,2,1,0,0,0,0,2,2,0,0,1,2,0,2,1,0,0,1,1,0,0,2,1,1,1,1,0,0,2,2,1,2,0,1,2,0,1,2,1,1,0,2,0,2,1,2,0,2,0,0,1,0,1,2,0,0,2,0,1,2,2,1,0,1,1,2,0,0,2,0,1,0,1,0,1,0,1,2,1,0,1,0,0,1,2,0,2,2,0,0,0,2,0,1,0,1,2,1,0,0,1,0,0,0,2,2,0,0,0,1,1,2,2,2,2,0,0,0,2,2,2,2,2,0,0,1,0,2,2,1,1,0,1,2,1,0,2,0,2,0,1,0,0,2,2,2,0,0,1,2,1,0,2,0,2,0,2,0,1,1,2,0,0,1,1,2,0,1,1,0,0,2,0,0,0,2,2,2,0,0,0,1,0,2,2,2,1,1,2,1,2,0,0,0,2,1,0,1,0,2,2,1,1,2,0,0,2,2,1,1,0,1,0,0,2,0,1,2,1,1,0,0,1,1,2,2,2,0,1,2,1,1,2,0,0,2,1,2,2,2,1,2,2,0,2,0,1,1,1,2,1,2,2,0,2,2,1,2,2,2,0,1,1,0,0,1,2,2,2,2,2,2,1,0,0,1,2,0,1,0,0,0,2,2,1,0,2,1,0,2,1,0,1,1,2,2,1,1,0,2,2,1,0,1,0,1,0,0,2,1,2,2,2,0,0,1,2,2,2,2,0,2,0,1,1,2,1,1,0,1,1,0,1,1,2,1,0,1,1,0,1,1,0,2,2,0,2,2,1,0,2,1,2,0,2,0,0,1,2,1,1,1,2,0,1,0,0,1,0,2,2,2,2,1,1,0,1,0,1,2,0,2,1,1,1,0,1,2,1,2,1,1,1,0,0,0,1,0,0,2,1,2,0,2,2,0,0,0,2,2,0,1,2,1,0,2,1,0,1,0,1,0,1,2,0,0,2,2,0,0,0,0,2,2,0,0,0,2,1,1,2,1,1,1,2,0,2,2,0,1,0,2,2,2,2,0,2,0,1,0,0,1,2,2,2, ,
fittness: 0.8333333333333334  Time :  5.2611968000000005  ticks: 5.260922431945801
------Mutualism phase-----------
------Communalism phase-----------
------Parasitism faze-----------
 Best:1,2,2,2,2,0,0,0,1,0,0,0,2,2,1,2,2,1,1,0,2,1,1,2,0,2,2,0,0,0,0,2,2,2,2,0,2,1,1,1,0,1,2,2,2,2,1,2,1,1,1,2,2,2,0,2,0,0,1,1,2,1,0,1,1,1,2,1,0,2,1,1,2,1,1,1,2,0,0,0,1,0,0,2,0,1,0,2,2,0,0,2,0,0,2,2,0,0,0,2,2,0,0,0,2,0,0,1,0,1,1,0,0,0,1,0,2,0,0,2,2,0,2,2,2,2,2,1,1,2,0,1,2,2,1,1,0,0,0,1,0,2,0,1,0,1,2,1,0,1,2,0,1,2,1,1,0,0,0,2,2,1,1,2,0,2,2,2,1,2,2,1,0,1,1,0,0,1,2,0,0,0,2,2,2,1,2,2,2,1,2,2,1,0,2,0,1,1,1,2,2,0,0,2,1,2,2,0,1,2,0,0,2,1,2,0,1,1,2,0,2,1,0,0,1,1,1,1,2,1,1,1,1,1,1,1,2,1,0,0,0,2,2,2,0,1,2,2,0,0,0,1,0,2,0,2,1,0,0,1,2,0,1,2,2,2,0,0,0,1,2,2,2,2,2,2,1,0,2,2,1,0,2,2,0,2,1,1,2,0,2,1,2,0,1,1,1,2,2,1,2,1,1,0,2,1,2,1,2,1,0,0,2,1,2,0,1,0,0,2,2,0,0,1,0,0,1,2,2,1,1,2,0,2,1,2,2,2,2,1,0,2,1,2,1,2,1,1,2,0,2,2,1,0,2,1,2,0,0,2,0,0,2,2,0,0,2,2,1,1,1,1,1,0,2,1,0,1,1,2,2,0,2,1,0,1,2,2,1,0,1,0,0,2,1,0,1,0,0,0,1,0,0,0,2,2,0,2,1,0,2,1,2,1,2,0,2,2,2,2,2,0,0,1,2,2,0,2,2,2,0,2,0,0,2,2,1,0,0,0,2,2,1,1,2,0,0,0,2,1,2,0,2,2,1,1,2,0,1,0,1,1,0,2,1,2,0,2,2,2,2,2,0,1,0,2,0,1,0,2,0,1,0,0,1,0,2,1,2,1,0,1,2,1,0,2,2,2,0,2,2,2,0,0,1,2,2,2,0,0,1,2,0,0,2,1,0,1,1,1,2,2,2,2,0,2,1,2,0,2,0,1,2,0,1,2,1,0,0,0,0,2,2,0,0,1,2,0,2,1,0,0,1,1,0,0,2,1,1,1,1,0,0,2,2,1,2,0,1,2,0,1,2,1,1,0,2,0,2,1,2,0,2,0,0,1,0,1,2,0,0,2,0,1,2,2,1,0,1,1,2,0,0,2,0,1,0,1,0,1,0,1,2,1,0,1,0,0,1,2,0,2,2,0,0,0,2,0,1,0,1,2,1,0,0,1,0,0,0,2,2,0,0,0,1,1,2,2,2,2,0,0,0,2,2,2,2,2,0,0,1,0,2,2,1,1,0,1,2,1,0,2,0,2,0,1,0,0,2,2,2,0,0,1,2,1,0,2,0,2,0,2,0,1,1,2,0,0,1,1,2,0,1,1,0,0,2,0,0,0,2,2,2,0,0,0,1,0,2,2,2,1,1,2,1,2,0,0,0,2,1,0,1,0,2,2,1,1,2,0,0,2,2,1,1,0,1,0,0,2,0,1,2,1,1,0,0,1,1,2,2,2,0,1,2,1,1,2,0,0,2,1,2,2,2,1,2,2,0,2,0,1,1,1,2,1,2,2,0,2,2,1,2,2,2,0,1,1,0,0,1,2,2,2,2,2,2,1,0,0,1,2,0,1,0,0,0,2,2,1,0,2,1,0,2,1,0,1,1,2,2,1,1,0,2,2,1,0,1,0,1,0,0,2,1,2,2,2,0,0,1,2,2,2,2,0,2,0,1,1,2,1,1,0,1,1,0,1,1,2,1,0,1,1,0,1,1,0,2,2,0,2,2,1,0,2,1,2,0,2,0,0,1,2,1,1,1,2,0,1,0,0,1,0,2,2,2,2,1,1,0,1,0,1,2,0,2,1,1,1,0,1,2,1,2,1,1,1,0,0,0,1,0,0,2,1,2,0,2,2,0,0,0,2,2,0,1,2,1,0,2,1,0,1,0,1,0,1,2,0,0,2,2,0,0,0,0,2,2,0,0,0,2,1,1,2,1,1,1,2,0,2,2,0,1,0,2,2,2,2,0,2,0,1,0,0,1,2,2,2, ,
fittness: 0.8333333333333334  Time :  7.611654899999998  ticks: 7.6116344928741455
------Mutualism phase-----------
------Communalism phase-----------
------Parasitism faze-----------
 Best:1,0,2,2,2,0,0,0,1,1,0,0,2,2,1,2,2,1,1,0,2,1,1,0,0,0,2,0,0,0,0,2,2,2,2,0,2,1,1,1,0,1,2,2,2,2,1,2,1,1,1,2,2,0,1,2,0,0,1,1,0,1,0,1,1,1,2,1,0,2,1,1,2,1,1,1,2,1,0,0,1,1,0,2,0,1,0,2,2,0,0,2,0,0,0,2,0,0,1,2,2,0,1,0,2,0,0,1,0,1,1,1,1,0,1,0,2,1,0,0,0,0,2,0,0,2,2,1,1,2,1,1,2,2,1,1,0,0,1,1,0,2,0,1,0,1,2,1,0,1,2,1,1,2,1,1,0,1,0,2,2,1,1,2,0,2,2,2,1,0,2,1,0,1,1,0,1,1,2,0,0,0,2,2,2,1,2,2,2,1,2,2,1,0,2,0,1,1,1,2,2,0,0,2,1,2,2,0,1,0,0,0,2,1,2,0,1,1,2,0,0,1,0,0,1,1,1,1,2,1,1,1,1,1,1,1,2,1,0,0,0,2,2,2,0,1,0,2,0,0,1,1,0,2,0,2,1,0,1,1,2,0,1,2,2,2,0,0,0,1,2,2,2,2,2,0,1,0,2,2,1,0,2,2,0,0,1,1,2,0,2,1,0,0,1,1,1,2,2,1,2,1,1,0,2,1,0,1,0,1,0,0,2,1,2,0,1,0,0,2,2,0,1,1,0,0,1,2,2,1,1,2,0,2,1,2,2,2,0,1,1,2,1,2,1,2,1,1,2,0,2,2,1,0,2,1,0,0,1,0,0,0,2,2,0,0,0,2,1,1,1,1,1,0,2,1,0,1,1,0,2,0,2,1,0,1,2,2,1,0,1,0,0,0,1,1,1,0,0,0,1,0,0,0,2,2,0,2,1,0,2,1,2,1,2,0,0,2,2,2,0,0,0,1,2,0,0,2,0,0,1,2,0,0,2,2,1,0,0,0,0,0,1,1,2,0,0,0,0,1,2,0,2,2,1,1,2,1,1,0,1,1,0,2,1,2,0,2,2,2,0,2,0,1,0,0,0,1,0,2,0,1,0,0,1,0,2,1,2,1,0,1,2,1,0,0,2,2,1,2,2,2,0,0,1,2,2,2,0,1,1,2,0,1,0,1,0,1,1,1,2,2,2,2,0,2,1,2,0,2,0,1,2,0,1,2,1,0,0,0,0,2,2,1,1,1,2,0,2,1,0,0,1,1,0,0,2,1,1,1,1,1,0,2,0,1,0,0,1,2,0,1,2,1,1,0,0,0,2,1,2,0,2,0,0,1,0,1,2,0,0,2,1,1,2,0,1,0,1,1,2,0,0,2,0,1,0,1,0,1,0,1,2,1,0,1,0,0,1,2,0,2,2,0,1,0,2,0,1,0,1,2,1,0,0,1,0,1,0,2,2,0,0,0,1,1,0,2,2,2,1,0,0,0,2,2,0,2,0,0,1,1,0,2,1,1,1,1,2,1,0,2,0,2,0,1,0,0,2,2,2,0,0,1,2,1,0,2,0,2,0,2,1,1,1,2,0,1,1,1,2,0,1,1,0,0,2,0,0,0,2,2,0,0,0,0,1,0,2,2,2,1,1,0,1,0,0,1,0,2,1,0,1,0,0,2,1,1,2,0,0,2,0,1,1,0,1,0,0,0,0,1,2,1,1,0,1,1,1,2,2,2,0,1,2,1,1,2,1,0,2,1,2,2,2,1,0,2,0,2,0,1,1,1,0,1,2,2,0,2,2,1,0,2,2,1,1,1,0,0,1,2,0,2,2,2,0,1,0,0,1,0,0,1,0,0,0,2,0,1,0,2,1,0,0,1,0,1,1,0,2,1,1,0,2,2,1,0,1,0,1,0,0,0,1,2,2,2,0,0,1,2,2,2,2,0,2,0,1,1,2,1,1,0,1,1,0,1,1,2,1,0,1,1,0,1,1,0,2,0,0,2,2,1,0,2,1,0,0,0,0,0,1,2,1,1,1,2,0,1,0,0,1,0,2,2,2,2,1,1,0,1,1,1,2,0,2,1,1,1,0,1,2,1,2,1,1,1,0,0,0,1,1,0,2,1,2,1,2,0,0,0,0,2,2,1,1,2,1,0,2,1,0,1,0,1,1,1,2,1,0,2,2,0,0,0,0,2,0,0,1,0,2,1,1,2,1,1,1,2,0,0,2,0,1,0,2,2,2,2,0,0,0,1,0,0,1,2,2,2, ,
fittness: 0.8333333333333334  Time :  9.940599500000001  ticks: 9.94044280052185
------Mutualism phase-----------
------Communalism phase-----------
------Parasitism faze-----------
 Best:1,0,2,2,2,0,0,0,1,1,0,0,2,2,1,2,2,1,1,0,2,1,1,0,0,0,2,0,0,0,0,2,2,2,2,0,2,1,1,1,0,1,2,2,2,2,1,2,1,1,1,2,2,0,1,2,0,0,1,1,0,1,0,1,1,1,2,1,0,2,1,1,2,1,1,1,2,1,0,0,1,1,0,2,0,1,0,2,2,0,0,2,0,0,0,2,0,0,1,2,2,0,1,0,2,0,0,1,0,1,1,1,1,0,1,0,2,1,0,0,0,0,2,0,0,2,2,1,1,2,1,1,2,2,1,1,0,0,1,1,0,2,0,1,0,1,2,1,0,1,2,1,1,2,1,1,0,1,0,2,2,1,1,2,0,2,2,2,1,0,2,1,0,1,1,0,1,1,2,0,0,0,2,2,2,1,2,2,2,1,2,2,1,0,2,0,1,1,1,2,2,0,0,2,1,2,2,0,1,0,0,0,2,1,2,0,1,1,2,0,0,1,0,0,1,1,1,1,2,1,1,1,1,1,1,1,2,1,0,0,0,2,2,2,0,1,0,2,0,0,1,1,0,2,0,2,1,0,1,1,2,0,1,2,2,2,0,0,0,1,2,2,2,2,2,0,1,0,2,2,1,0,2,2,0,0,1,1,2,0,2,1,0,0,1,1,1,2,2,1,2,1,1,0,2,1,0,1,0,1,0,0,2,1,2,0,1,0,0,2,2,0,1,1,0,0,1,2,2,1,1,2,0,2,1,2,2,2,0,1,1,2,1,2,1,2,1,1,2,0,2,2,1,0,2,1,0,0,1,0,0,0,2,2,0,0,0,2,1,1,1,1,1,0,2,1,0,1,1,0,2,0,2,1,0,1,2,2,1,0,1,0,0,0,1,1,1,0,0,0,1,0,0,0,2,2,0,2,1,0,2,1,2,1,2,0,0,2,2,2,0,0,0,1,2,0,0,2,0,0,1,2,0,0,2,2,1,0,0,0,0,0,1,1,2,0,0,0,0,1,2,0,2,2,1,1,2,1,1,0,1,1,0,2,1,2,0,2,2,2,0,2,0,1,0,0,0,1,0,2,0,1,0,0,1,0,2,1,2,1,0,1,2,1,0,0,2,2,1,2,2,2,0,0,1,2,2,2,0,1,1,2,0,1,0,1,0,1,1,1,2,2,2,2,0,2,1,2,0,2,0,1,2,0,1,2,1,0,0,0,0,2,2,1,1,1,2,0,2,1,0,0,1,1,0,0,2,1,1,1,1,1,0,2,0,1,0,0,1,2,0,1,2,1,1,0,0,0,2,1,2,0,2,0,0,1,0,1,2,0,0,2,1,1,2,0,1,0,1,1,2,0,0,2,0,1,0,1,0,1,0,1,2,1,0,1,0,0,1,2,0,2,2,0,1,0,2,0,1,0,1,2,1,0,0,1,0,1,0,2,2,0,0,0,1,1,0,2,2,2,1,0,0,0,2,2,0,2,0,0,1,1,0,2,1,1,1,1,2,1,0,2,0,2,0,1,0,0,2,2,2,0,0,1,2,1,0,2,0,2,0,2,1,1,1,2,0,1,1,1,2,0,1,1,0,0,2,0,0,0,2,2,0,0,0,0,1,0,2,2,2,1,1,0,1,0,0,1,0,2,1,0,1,0,0,2,1,1,2,0,0,2,0,1,1,0,1,0,0,0,0,1,2,1,1,0,1,1,1,2,2,2,0,1,2,1,1,2,1,0,2,1,2,2,2,1,0,2,0,2,0,1,1,1,0,1,2,2,0,2,2,1,0,2,2,1,1,1,0,0,1,2,0,2,2,2,0,1,0,0,1,0,0,1,0,0,0,2,0,1,0,2,1,0,0,1,0,1,1,0,2,1,1,0,2,2,1,0,1,0,1,0,0,0,1,2,2,2,0,0,1,2,2,2,2,0,2,0,1,1,2,1,1,0,1,1,0,1,1,2,1,0,1,1,0,1,1,0,2,0,0,2,2,1,0,2,1,0,0,0,0,0,1,2,1,1,1,2,0,1,0,0,1,0,2,2,2,2,1,1,0,1,1,1,2,0,2,1,1,1,0,1,2,1,2,1,1,1,0,0,0,1,1,0,2,1,2,1,2,0,0,0,0,2,2,1,1,2,1,0,2,1,0,1,0,1,1,1,2,1,0,2,2,0,0,0,0,2,0,0,1,0,2,1,1,2,1,1,1,2,0,0,2,0,1,0,2,2,2,2,0,0,0,1,0,0,1,2,2,2, ,
fittness: 0.8333333333333334  Time :  12.1712593  ticks: 12.171475172042847
------Mutualism phase-----------
------Communalism phase-----------
------Parasitism faze-----------
 Best:1,0,2,2,2,0,0,0,1,1,0,0,2,2,1,2,2,1,1,0,2,1,1,0,0,0,2,0,0,0,0,2,2,2,2,0,2,1,1,1,0,1,2,2,2,2,1,2,1,1,1,2,2,0,1,2,0,0,1,1,0,1,0,1,1,1,2,1,0,2,1,1,2,1,1,1,2,1,0,0,1,1,0,2,0,1,0,2,2,0,0,2,0,0,0,2,0,0,1,2,2,0,1,0,2,0,0,1,0,1,1,1,1,0,1,0,2,1,0,0,0,0,2,0,0,2,2,1,1,2,1,1,2,2,1,1,0,0,1,1,0,2,0,1,0,1,2,1,0,1,2,1,1,2,1,1,0,1,0,2,2,1,1,2,0,2,2,2,1,0,2,1,0,1,1,0,1,1,2,0,0,0,2,2,2,1,2,2,2,1,2,2,1,0,2,0,1,1,1,2,2,0,0,2,1,2,2,0,1,0,0,0,2,1,2,0,1,1,2,0,0,1,0,0,1,1,1,1,2,1,1,1,1,1,1,1,2,1,0,0,0,2,2,2,0,1,0,2,0,0,1,1,0,2,0,2,1,0,1,1,2,0,1,2,2,2,0,0,0,1,2,2,2,2,2,0,1,0,2,2,1,0,2,2,0,0,1,1,2,0,2,1,0,0,1,1,1,2,2,1,2,1,1,0,2,1,0,1,0,1,0,0,2,1,2,0,1,0,0,2,2,0,1,1,0,0,1,2,2,1,1,2,0,2,1,2,2,2,0,1,1,2,1,2,1,2,1,1,2,0,2,2,1,0,2,1,0,0,1,0,0,0,2,2,0,0,0,2,1,1,1,1,1,0,2,1,0,1,1,0,2,0,2,1,0,1,2,2,1,0,1,0,0,0,1,1,1,0,0,0,1,0,0,0,2,2,0,2,1,0,2,1,2,1,2,0,0,2,2,2,0,0,0,1,2,0,0,2,0,0,1,2,0,0,2,2,1,0,0,0,0,0,1,1,2,0,0,0,0,1,2,0,2,2,1,1,2,1,1,0,1,1,0,2,1,2,0,2,2,2,0,2,0,1,0,0,0,1,0,2,0,1,0,0,1,0,2,1,2,1,0,1,2,1,0,0,2,2,1,2,2,2,0,0,1,2,2,2,0,1,1,2,0,1,0,1,0,1,1,1,2,2,2,2,0,2,1,2,0,2,0,1,2,0,1,2,1,0,0,0,0,2,2,1,1,1,2,0,2,1,0,0,1,1,0,0,2,1,1,1,1,1,0,2,0,1,0,0,1,2,0,1,2,1,1,0,0,0,2,1,2,0,2,0,0,1,0,1,2,0,0,2,1,1,2,0,1,0,1,1,2,0,0,2,0,1,0,1,0,1,0,1,2,1,0,1,0,0,1,2,0,2,2,0,1,0,2,0,1,0,1,2,1,0,0,1,0,1,0,2,2,0,0,0,1,1,0,2,2,2,1,0,0,0,2,2,0,2,0,0,1,1,0,2,1,1,1,1,2,1,0,2,0,2,0,1,0,0,2,2,2,0,0,1,2,1,0,2,0,2,0,2,1,1,1,2,0,1,1,1,2,0,1,1,0,0,2,0,0,0,2,2,0,0,0,0,1,0,2,2,2,1,1,0,1,0,0,1,0,2,1,0,1,0,0,2,1,1,2,0,0,2,0,1,1,0,1,0,0,0,0,1,2,1,1,0,1,1,1,2,2,2,0,1,2,1,1,2,1,0,2,1,2,2,2,1,0,2,0,2,0,1,1,1,0,1,2,2,0,2,2,1,0,2,2,1,1,1,0,0,1,2,0,2,2,2,0,1,0,0,1,0,0,1,0,0,0,2,0,1,0,2,1,0,0,1,0,1,1,0,2,1,1,0,2,2,1,0,1,0,1,0,0,0,1,2,2,2,0,0,1,2,2,2,2,0,2,0,1,1,2,1,1,0,1,1,0,1,1,2,1,0,1,1,0,1,1,0,2,0,0,2,2,1,0,2,1,0,0,0,0,0,1,2,1,1,1,2,0,1,0,0,1,0,2,2,2,2,1,1,0,1,1,1,2,0,2,1,1,1,0,1,2,1,2,1,1,1,0,0,0,1,1,0,2,1,2,1,2,0,0,0,0,2,2,1,1,2,1,0,2,1,0,1,0,1,1,1,2,1,0,2,2,0,0,0,0,2,0,0,1,0,2,1,1,2,1,1,1,2,0,0,2,0,1,0,2,2,2,2,0,0,0,1,0,0,1,2,2,2, ,
fittness: 0.8333333333333334  Time :  14.3534495  ticks: 14.353640079498291
------Mutualism phase-----------
------Communalism phase-----------
------Parasitism faze-----------
 Best:1,2,1,2,2,0,0,0,1,0,1,0,1,2,2,1,1,2,2,1,2,0,1,2,2,1,0,0,0,0,2,2,0,1,1,1,2,1,0,0,0,2,1,2,1,1,1,0,1,0,0,0,1,1,0,2,0,1,0,2,1,1,1,2,0,0,1,1,0,1,1,1,2,0,1,0,2,2,2,2,0,2,0,2,1,1,0,2,1,2,2,1,1,0,2,0,1,0,2,0,2,0,0,0,2,1,0,2,0,2,1,2,2,0,0,0,0,2,1,0,1,0,2,1,1,1,1,2,1,1,0,0,2,2,2,1,1,1,1,1,0,2,0,2,0,0,1,2,0,0,2,0,2,1,1,2,0,0,2,1,2,1,1,1,0,2,2,2,2,1,0,0,1,1,0,0,0,1,2,0,0,0,2,2,2,1,0,1,1,2,1,2,1,1,2,2,1,2,0,2,1,0,0,1,2,2,2,0,2,1,1,0,0,2,1,1,1,1,2,2,2,0,0,1,2,0,0,0,2,1,1,1,0,0,0,0,2,1,0,0,0,1,1,2,0,1,2,1,1,1,0,0,1,2,0,1,1,1,2,0,1,0,1,2,2,1,0,0,0,2,1,2,2,0,1,0,1,1,1,2,1,0,2,2,2,1,2,0,1,0,2,2,2,1,2,1,2,1,2,2,1,1,1,2,1,2,0,1,1,2,1,0,1,0,1,0,0,0,0,1,1,0,0,1,1,1,0,1,1,0,0,2,0,0,0,2,1,2,1,0,1,1,0,1,0,2,0,0,2,0,0,2,2,0,2,1,0,0,0,1,1,0,1,1,2,0,1,2,1,0,0,0,1,1,2,1,0,1,2,0,2,0,1,1,1,0,2,2,2,2,0,2,0,0,0,0,1,0,0,0,0,2,1,0,2,2,0,2,1,0,1,0,1,1,1,1,1,2,2,0,1,2,1,2,1,2,1,2,1,1,2,1,0,0,2,1,0,0,0,2,0,2,1,2,1,0,1,0,0,0,2,0,1,1,0,0,2,0,1,1,1,2,0,1,1,2,0,2,1,1,2,2,1,1,0,2,0,2,0,2,0,2,0,0,2,1,1,1,1,0,2,1,2,0,0,1,2,0,0,2,2,2,0,0,0,2,1,1,0,0,1,1,1,0,0,0,0,2,0,2,0,2,1,1,1,2,2,1,0,1,0,0,1,0,0,2,0,0,0,0,1,2,2,1,0,0,2,0,1,0,1,0,2,2,0,0,0,0,1,1,2,2,0,2,1,2,2,0,1,1,0,0,1,1,1,0,2,0,1,1,1,0,2,1,2,2,1,1,2,0,0,2,0,0,1,0,2,0,2,2,1,1,1,1,0,1,1,0,0,1,1,0,2,1,1,0,0,0,0,2,1,2,1,0,2,1,1,2,1,0,1,2,0,0,2,2,0,1,0,2,2,0,2,0,1,0,2,1,0,2,1,0,2,2,2,1,1,2,1,0,1,0,2,2,0,1,0,1,2,2,1,1,0,2,0,0,1,0,1,2,2,0,0,1,2,2,2,2,1,2,1,2,1,0,1,1,1,2,2,2,1,0,1,2,0,2,1,0,0,1,1,1,2,0,0,0,2,1,1,1,2,0,0,2,1,2,1,2,0,2,2,1,2,0,2,1,0,0,2,2,0,2,1,2,0,0,0,1,0,0,1,0,2,1,1,0,2,0,0,0,1,2,0,0,1,0,1,2,1,2,2,0,2,1,2,1,2,1,1,1,2,0,2,1,1,1,2,1,0,2,1,1,0,2,1,0,2,0,0,0,1,2,2,2,2,2,1,1,0,0,1,0,0,2,1,0,1,2,2,1,1,1,0,0,2,0,1,1,0,1,1,0,0,0,2,1,2,1,0,0,0,0,0,2,2,0,2,1,1,1,0,1,2,2,1,2,2,1,2,1,2,1,1,2,1,2,0,2,1,2,1,0,0,1,1,1,1,0,1,2,0,2,2,1,0,2,1,0,0,0,1,0,1,2,2,2,0,2,1,1,0,1,1,0,2,2,2,1,1,1,0,0,1,0,2,0,1,1,1,0,1,1,1,2,2,2,1,2,1,1,1,0,0,0,2,1,2,0,1,1,0,0,1,1,1,0,1,2,0,1,2,2,1,1,0,0,0,2,1,0,1,1,1,0,0,0,0,1,2,0,0,0,2,2,0,2,1,1,0,1,2,0,2,0,1,0,2,1,2,2,0,1,2,1,1,0,0,1,2,2, ,
fittness: 0.9166666666666666  Time :  16.7955267  ticks: 16.796061754226685
------Mutualism phase-----------
------Communalism phase-----------
------Parasitism faze-----------
 Best:1,2,1,2,2,0,0,0,1,0,1,0,1,2,2,1,1,2,2,1,2,0,1,2,2,1,0,0,0,0,2,2,0,1,1,1,2,1,0,0,0,2,1,2,1,1,1,0,1,0,0,0,1,1,0,2,0,1,0,2,1,1,1,2,0,0,1,1,0,1,1,1,2,0,1,0,2,2,2,2,0,2,0,2,1,1,0,2,1,2,2,1,1,0,2,0,1,0,2,0,2,0,0,0,2,1,0,2,0,2,1,2,2,0,0,0,0,2,1,0,1,0,2,1,1,1,1,2,1,1,0,0,2,2,2,1,1,1,1,1,0,2,0,2,0,0,1,2,0,0,2,0,2,1,1,2,0,0,2,1,2,1,1,1,0,2,2,2,2,1,0,0,1,1,0,0,0,1,2,0,0,0,2,2,2,1,0,1,1,2,1,2,1,1,2,2,1,2,0,2,1,0,0,1,2,2,2,0,2,1,1,0,0,2,1,1,1,1,2,2,2,0,0,1,2,0,0,0,2,1,1,1,0,0,0,0,2,1,0,0,0,1,1,2,0,1,2,1,1,1,0,0,1,2,0,1,1,1,2,0,1,0,1,2,2,1,0,0,0,2,1,2,2,0,1,0,1,1,1,2,1,0,2,2,2,1,2,0,1,0,2,2,2,1,2,1,2,1,2,2,1,1,1,2,1,2,0,1,1,2,1,0,1,0,1,0,0,0,0,1,1,0,0,1,1,1,0,1,1,0,0,2,0,0,0,2,1,2,1,0,1,1,0,1,0,2,0,0,2,0,0,2,2,0,2,1,0,0,0,1,1,0,1,1,2,0,1,2,1,0,0,0,1,1,2,1,0,1,2,0,2,0,1,1,1,0,2,2,2,2,0,2,0,0,0,0,1,0,0,0,0,2,1,0,2,2,0,2,1,0,1,0,1,1,1,1,1,2,2,0,1,2,1,2,1,2,1,2,1,1,2,1,0,0,2,1,0,0,0,2,0,2,1,2,1,0,1,0,0,0,2,0,1,1,0,0,2,0,1,1,1,2,0,1,1,2,0,2,1,1,2,2,1,1,0,2,0,2,0,2,0,2,0,0,2,1,1,1,1,0,2,1,2,0,0,1,2,0,0,2,2,2,0,0,0,2,1,1,0,0,1,1,1,0,0,0,0,2,0,2,0,2,1,1,1,2,2,1,0,1,0,0,1,0,0,2,0,0,0,0,1,2,2,1,0,0,2,0,1,0,1,0,2,2,0,0,0,0,1,1,2,2,0,2,1,2,2,0,1,1,0,0,1,1,1,0,2,0,1,1,1,0,2,1,2,2,1,1,2,0,0,2,0,0,1,0,2,0,2,2,1,1,1,1,0,1,1,0,0,1,1,0,2,1,1,0,0,0,0,2,1,2,1,0,2,1,1,2,1,0,1,2,0,0,2,2,0,1,0,2,2,0,2,0,1,0,2,1,0,2,1,0,2,2,2,1,1,2,1,0,1,0,2,2,0,1,0,1,2,2,1,1,0,2,0,0,1,0,1,2,2,0,0,1,2,2,2,2,1,2,1,2,1,0,1,1,1,2,2,2,1,0,1,2,0,2,1,0,0,1,1,1,2,0,0,0,2,1,1,1,2,0,0,2,1,2,1,2,0,2,2,1,2,0,2,1,0,0,2,2,0,2,1,2,0,0,0,1,0,0,1,0,2,1,1,0,2,0,0,0,1,2,0,0,1,0,1,2,1,2,2,0,2,1,2,1,2,1,1,1,2,0,2,1,1,1,2,1,0,2,1,1,0,2,1,0,2,0,0,0,1,2,2,2,2,2,1,1,0,0,1,0,0,2,1,0,1,2,2,1,1,1,0,0,2,0,1,1,0,1,1,0,0,0,2,1,2,1,0,0,0,0,0,2,2,0,2,1,1,1,0,1,2,2,1,2,2,1,2,1,2,1,1,2,1,2,0,2,1,2,1,0,0,1,1,1,1,0,1,2,0,2,2,1,0,2,1,0,0,0,1,0,1,2,2,2,0,2,1,1,0,1,1,0,2,2,2,1,1,1,0,0,1,0,2,0,1,1,1,0,1,1,1,2,2,2,1,2,1,1,1,0,0,0,2,1,2,0,1,1,0,0,1,1,1,0,1,2,0,1,2,2,1,1,0,0,0,2,1,0,1,1,1,0,0,0,0,1,2,0,0,0,2,2,0,2,1,1,0,1,2,0,2,0,1,0,2,1,2,2,0,1,2,1,1,0,0,1,2,2, ,
fittness: 0.9166666666666666  Time :  19.248496299999996  ticks: 19.248544931411743
------Mutualism phase-----------
------Communalism phase-----------
------Parasitism faze-----------
 Best:1,2,1,2,2,0,0,0,1,0,1,0,1,2,2,1,1,2,2,1,2,0,1,2,2,1,0,0,0,0,2,2,0,1,1,1,2,1,0,0,0,2,1,2,1,1,1,0,1,0,0,0,1,1,0,2,0,1,0,2,1,1,1,2,0,0,1,1,0,1,1,1,2,0,1,0,2,2,2,2,0,2,0,2,1,1,0,2,1,2,2,1,1,0,2,0,1,0,2,0,2,0,0,0,2,1,0,2,0,2,1,2,2,0,0,0,0,2,1,0,1,0,2,1,1,1,1,2,1,1,0,0,2,2,2,1,1,1,1,1,0,2,0,2,0,0,1,2,0,0,2,0,2,1,1,2,0,0,2,1,2,1,1,1,0,2,2,2,2,1,0,0,1,1,0,0,0,1,2,0,0,0,2,2,2,1,0,1,1,2,1,2,1,1,2,2,1,2,0,2,1,0,0,1,2,2,2,0,2,1,1,0,0,2,1,1,1,1,2,2,2,0,0,1,2,0,0,0,2,1,1,1,0,0,0,0,2,1,0,0,0,1,1,2,0,1,2,1,1,1,0,0,1,2,0,1,1,1,2,0,1,0,1,2,2,1,0,0,0,2,1,2,2,0,1,0,1,1,1,2,1,0,2,2,2,1,2,0,1,0,2,2,2,1,2,1,2,1,2,2,1,1,1,2,1,2,0,1,1,2,1,0,1,0,1,0,0,0,0,1,1,0,0,1,1,1,0,1,1,0,0,2,0,0,0,2,1,2,1,0,1,1,0,1,0,2,0,0,2,0,0,2,2,0,2,1,0,0,0,1,1,0,1,1,2,0,1,2,1,0,0,0,1,1,2,1,0,1,2,0,2,0,1,1,1,0,2,2,2,2,0,2,0,0,0,0,1,0,0,0,0,2,1,0,2,2,0,2,1,0,1,0,1,1,1,1,1,2,2,0,1,2,1,2,1,2,1,2,1,1,2,1,0,0,2,1,0,0,0,2,0,2,1,2,1,0,1,0,0,0,2,0,1,1,0,0,2,0,1,1,1,2,0,1,1,2,0,2,1,1,2,2,1,1,0,2,0,2,0,2,0,2,0,0,2,1,1,1,1,0,2,1,2,0,0,1,2,0,0,2,2,2,0,0,0,2,1,1,0,0,1,1,1,0,0,0,0,2,0,2,0,2,1,1,1,2,2,1,0,1,0,0,1,0,0,2,0,0,0,0,1,2,2,1,0,0,2,0,1,0,1,0,2,2,0,0,0,0,1,1,2,2,0,2,1,2,2,0,1,1,0,0,1,1,1,0,2,0,1,1,1,0,2,1,2,2,1,1,2,0,0,2,0,0,1,0,2,0,2,2,1,1,1,1,0,1,1,0,0,1,1,0,2,1,1,0,0,0,0,2,1,2,1,0,2,1,1,2,1,0,1,2,0,0,2,2,0,1,0,2,2,0,2,0,1,0,2,1,0,2,1,0,2,2,2,1,1,2,1,0,1,0,2,2,0,1,0,1,2,2,1,1,0,2,0,0,1,0,1,2,2,0,0,1,2,2,2,2,1,2,1,2,1,0,1,1,1,2,2,2,1,0,1,2,0,2,1,0,0,1,1,1,2,0,0,0,2,1,1,1,2,0,0,2,1,2,1,2,0,2,2,1,2,0,2,1,0,0,2,2,0,2,1,2,0,0,0,1,0,0,1,0,2,1,1,0,2,0,0,0,1,2,0,0,1,0,1,2,1,2,2,0,2,1,2,1,2,1,1,1,2,0,2,1,1,1,2,1,0,2,1,1,0,2,1,0,2,0,0,0,1,2,2,2,2,2,1,1,0,0,1,0,0,2,1,0,1,2,2,1,1,1,0,0,2,0,1,1,0,1,1,0,0,0,2,1,2,1,0,0,0,0,0,2,2,0,2,1,1,1,0,1,2,2,1,2,2,1,2,1,2,1,1,2,1,2,0,2,1,2,1,0,0,1,1,1,1,0,1,2,0,2,2,1,0,2,1,0,0,0,1,0,1,2,2,2,0,2,1,1,0,1,1,0,2,2,2,1,1,1,0,0,1,0,2,0,1,1,1,0,1,1,1,2,2,2,1,2,1,1,1,0,0,0,2,1,2,0,1,1,0,0,1,1,1,0,1,2,0,1,2,2,1,1,0,0,0,2,1,0,1,1,1,0,0,0,0,1,2,0,0,0,2,2,0,2,1,1,0,1,2,0,2,0,1,0,2,1,2,2,0,1,2,1,1,0,0,1,2,2, ,
fittness: 0.9166666666666666  Time :  21.730352299999996  ticks: 21.73089838027954
------Mutualism phase-----------
------Communalism phase-----------
------Parasitism faze-----------
 Best:1,2,1,2,2,0,0,0,1,0,1,0,1,2,2,1,1,2,2,1,2,0,1,2,2,1,0,0,0,0,2,2,0,1,1,1,2,1,0,0,0,2,1,2,1,1,1,0,1,0,0,0,1,1,0,2,0,1,0,2,1,1,1,2,0,0,1,1,0,1,1,1,2,0,1,0,2,2,2,2,0,2,0,2,1,1,0,2,1,2,2,1,1,0,2,0,1,0,2,0,2,0,0,0,2,1,0,2,0,2,1,2,2,0,0,0,0,2,1,0,1,0,2,1,1,1,1,2,1,1,0,0,2,2,2,1,1,1,1,1,0,2,0,2,0,0,1,2,0,0,2,0,2,1,1,2,0,0,2,1,2,1,1,1,0,2,2,2,2,1,0,0,1,1,0,0,0,1,2,0,0,0,2,2,2,1,0,1,1,2,1,2,1,1,2,2,1,2,0,2,1,0,0,1,2,2,2,0,2,1,1,0,0,2,1,1,1,1,2,2,2,0,0,1,2,0,0,0,2,1,1,1,0,0,0,0,2,1,0,0,0,1,1,2,0,1,2,1,1,1,0,0,1,2,0,1,1,1,2,0,1,0,1,2,2,1,0,0,0,2,1,2,2,0,1,0,1,1,1,2,1,0,2,2,2,1,2,0,1,0,2,2,2,1,2,1,2,1,2,2,1,1,1,2,1,2,0,1,1,2,1,0,1,0,1,0,0,0,0,1,1,0,0,1,1,1,0,1,1,0,0,2,0,0,0,2,1,2,1,0,1,1,0,1,0,2,0,0,2,0,0,2,2,0,2,1,0,0,0,1,1,0,1,1,2,0,1,2,1,0,0,0,1,1,2,1,0,1,2,0,2,0,1,1,1,0,2,2,2,2,0,2,0,0,0,0,1,0,0,0,0,2,1,0,2,2,0,2,1,0,1,0,1,1,1,1,1,2,2,0,1,2,1,2,1,2,1,2,1,1,2,1,0,0,2,1,0,0,0,2,0,2,1,2,1,0,1,0,0,0,2,0,1,1,0,0,2,0,1,1,1,2,0,1,1,2,0,2,1,1,2,2,1,1,0,2,0,2,0,2,0,2,0,0,2,1,1,1,1,0,2,1,2,0,0,1,2,0,0,2,2,2,0,0,0,2,1,1,0,0,1,1,1,0,0,0,0,2,0,2,0,2,1,1,1,2,2,1,0,1,0,0,1,0,0,2,0,0,0,0,1,2,2,1,0,0,2,0,1,0,1,0,2,2,0,0,0,0,1,1,2,2,0,2,1,2,2,0,1,1,0,0,1,1,1,0,2,0,1,1,1,0,2,1,2,2,1,1,2,0,0,2,0,0,1,0,2,0,2,2,1,1,1,1,0,1,1,0,0,1,1,0,2,1,1,0,0,0,0,2,1,2,1,0,2,1,1,2,1,0,1,2,0,0,2,2,0,1,0,2,2,0,2,0,1,0,2,1,0,2,1,0,2,2,2,1,1,2,1,0,1,0,2,2,0,1,0,1,2,2,1,1,0,2,0,0,1,0,1,2,2,0,0,1,2,2,2,2,1,2,1,2,1,0,1,1,1,2,2,2,1,0,1,2,0,2,1,0,0,1,1,1,2,0,0,0,2,1,1,1,2,0,0,2,1,2,1,2,0,2,2,1,2,0,2,1,0,0,2,2,0,2,1,2,0,0,0,1,0,0,1,0,2,1,1,0,2,0,0,0,1,2,0,0,1,0,1,2,1,2,2,0,2,1,2,1,2,1,1,1,2,0,2,1,1,1,2,1,0,2,1,1,0,2,1,0,2,0,0,0,1,2,2,2,2,2,1,1,0,0,1,0,0,2,1,0,1,2,2,1,1,1,0,0,2,0,1,1,0,1,1,0,0,0,2,1,2,1,0,0,0,0,0,2,2,0,2,1,1,1,0,1,2,2,1,2,2,1,2,1,2,1,1,2,1,2,0,2,1,2,1,0,0,1,1,1,1,0,1,2,0,2,2,1,0,2,1,0,0,0,1,0,1,2,2,2,0,2,1,1,0,1,1,0,2,2,2,1,1,1,0,0,1,0,2,0,1,1,1,0,1,1,1,2,2,2,1,2,1,1,1,0,0,0,2,1,2,0,1,1,0,0,1,1,1,0,1,2,0,1,2,2,1,1,0,0,0,2,1,0,1,1,1,0,0,0,0,1,2,0,0,0,2,2,0,2,1,1,0,1,2,0,2,0,1,0,2,1,2,2,0,1,2,1,1,0,0,1,2,2, ,
fittness: 0.9166666666666666  Time :  24.090432599999996  ticks: 24.09054684638977
------Mutualism phase-----------
------Communalism phase-----------
------Parasitism faze-----------
 Best:1,2,1,2,2,0,0,0,1,0,1,0,1,2,2,1,1,2,2,1,2,0,1,2,2,1,0,0,0,0,2,2,0,1,1,1,2,1,0,0,0,2,1,2,1,1,1,0,1,0,0,0,1,1,0,2,0,1,0,2,1,1,1,2,0,0,1,1,0,1,1,1,2,0,1,0,2,2,2,2,0,2,0,2,1,1,0,2,1,2,2,1,1,0,2,0,1,0,2,0,2,0,0,0,2,1,0,2,0,2,1,2,2,0,0,0,0,2,1,0,1,0,2,1,1,1,1,2,1,1,0,0,2,2,2,1,1,1,1,1,0,2,0,2,0,0,1,2,0,0,2,0,2,1,1,2,0,0,2,1,2,1,1,1,0,2,2,2,2,1,0,0,1,1,0,0,0,1,2,0,0,0,2,2,2,1,0,1,1,2,1,2,1,1,2,2,1,2,0,2,1,0,0,1,2,2,2,0,2,1,1,0,0,2,1,1,1,1,2,2,2,0,0,1,2,0,0,0,2,1,1,1,0,0,0,0,2,1,0,0,0,1,1,2,0,1,2,1,1,1,0,0,1,2,0,1,1,1,2,0,1,0,1,2,2,1,0,0,0,2,1,2,2,0,1,0,1,1,1,2,1,0,2,2,2,1,2,0,1,0,2,2,2,1,2,1,2,1,2,2,1,1,1,2,1,2,0,1,1,2,1,0,1,0,1,0,0,0,0,1,1,0,0,1,1,1,0,1,1,0,0,2,0,0,0,2,1,2,1,0,1,1,0,1,0,2,0,0,2,0,0,2,2,0,2,1,0,0,0,1,1,0,1,1,2,0,1,2,1,0,0,0,1,1,2,1,0,1,2,0,2,0,1,1,1,0,2,2,2,2,0,2,0,0,0,0,1,0,0,0,0,2,1,0,2,2,0,2,1,0,1,0,1,1,1,1,1,2,2,0,1,2,1,2,1,2,1,2,1,1,2,1,0,0,2,1,0,0,0,2,0,2,1,2,1,0,1,0,0,0,2,0,1,1,0,0,2,0,1,1,1,2,0,1,1,2,0,2,1,1,2,2,1,1,0,2,0,2,0,2,0,2,0,0,2,1,1,1,1,0,2,1,2,0,0,1,2,0,0,2,2,2,0,0,0,2,1,1,0,0,1,1,1,0,0,0,0,2,0,2,0,2,1,1,1,2,2,1,0,1,0,0,1,0,0,2,0,0,0,0,1,2,2,1,0,0,2,0,1,0,1,0,2,2,0,0,0,0,1,1,2,2,0,2,1,2,2,0,1,1,0,0,1,1,1,0,2,0,1,1,1,0,2,1,2,2,1,1,2,0,0,2,0,0,1,0,2,0,2,2,1,1,1,1,0,1,1,0,0,1,1,0,2,1,1,0,0,0,0,2,1,2,1,0,2,1,1,2,1,0,1,2,0,0,2,2,0,1,0,2,2,0,2,0,1,0,2,1,0,2,1,0,2,2,2,1,1,2,1,0,1,0,2,2,0,1,0,1,2,2,1,1,0,2,0,0,1,0,1,2,2,0,0,1,2,2,2,2,1,2,1,2,1,0,1,1,1,2,2,2,1,0,1,2,0,2,1,0,0,1,1,1,2,0,0,0,2,1,1,1,2,0,0,2,1,2,1,2,0,2,2,1,2,0,2,1,0,0,2,2,0,2,1,2,0,0,0,1,0,0,1,0,2,1,1,0,2,0,0,0,1,2,0,0,1,0,1,2,1,2,2,0,2,1,2,1,2,1,1,1,2,0,2,1,1,1,2,1,0,2,1,1,0,2,1,0,2,0,0,0,1,2,2,2,2,2,1,1,0,0,1,0,0,2,1,0,1,2,2,1,1,1,0,0,2,0,1,1,0,1,1,0,0,0,2,1,2,1,0,0,0,0,0,2,2,0,2,1,1,1,0,1,2,2,1,2,2,1,2,1,2,1,1,2,1,2,0,2,1,2,1,0,0,1,1,1,1,0,1,2,0,2,2,1,0,2,1,0,0,0,1,0,1,2,2,2,0,2,1,1,0,1,1,0,2,2,2,1,1,1,0,0,1,0,2,0,1,1,1,0,1,1,1,2,2,2,1,2,1,1,1,0,0,0,2,1,2,0,1,1,0,0,1,1,1,0,1,2,0,1,2,2,1,1,0,0,0,2,1,0,1,1,1,0,0,0,0,1,2,0,0,0,2,2,0,2,1,1,0,1,2,0,2,0,1,0,2,1,2,2,0,1,2,1,1,0,0,1,2,2, ,
fittness: 0.9166666666666666  Time :  26.416577999999998  ticks: 26.41636300086975
------Mutualism phase-----------
------Communalism phase-----------
------Parasitism faze-----------
 Best:1,2,1,2,2,0,0,0,1,0,1,0,1,2,2,1,1,2,2,1,2,0,1,2,2,1,0,0,0,0,2,2,0,1,1,1,2,1,0,0,0,2,1,2,1,1,1,0,1,0,0,0,1,1,0,2,0,1,0,2,1,1,1,2,0,0,1,1,0,1,1,1,2,0,1,0,2,2,2,2,0,2,0,2,1,1,0,2,1,2,2,1,1,0,2,0,1,0,2,0,2,0,0,0,2,1,0,2,0,2,1,2,2,0,0,0,0,2,1,0,1,0,2,1,1,1,1,2,1,1,0,0,2,2,2,1,1,1,1,1,0,2,0,2,0,0,1,2,0,0,2,0,2,1,1,2,0,0,2,1,2,1,1,1,0,2,2,2,2,1,0,0,1,1,0,0,0,1,2,0,0,0,2,2,2,1,0,1,1,2,1,2,1,1,2,2,1,2,0,2,1,0,0,1,2,2,2,0,2,1,1,0,0,2,1,1,1,1,2,2,2,0,0,1,2,0,0,0,2,1,1,1,0,0,0,0,2,1,0,0,0,1,1,2,0,1,2,1,1,1,0,0,1,2,0,1,1,1,2,0,1,0,1,2,2,1,0,0,0,2,1,2,2,0,1,0,1,1,1,2,1,0,2,2,2,1,2,0,1,0,2,2,2,1,2,1,2,1,2,2,1,1,1,2,1,2,0,1,1,2,1,0,1,0,1,0,0,0,0,1,1,0,0,1,1,1,0,1,1,0,0,2,0,0,0,2,1,2,1,0,1,1,0,1,0,2,0,0,2,0,0,2,2,0,2,1,0,0,0,1,1,0,1,1,2,0,1,2,1,0,0,0,1,1,2,1,0,1,2,0,2,0,1,1,1,0,2,2,2,2,0,2,0,0,0,0,1,0,0,0,0,2,1,0,2,2,0,2,1,0,1,0,1,1,1,1,1,2,2,0,1,2,1,2,1,2,1,2,1,1,2,1,0,0,2,1,0,0,0,2,0,2,1,2,1,0,1,0,0,0,2,0,1,1,0,0,2,0,1,1,1,2,0,1,1,2,0,2,1,1,2,2,1,1,0,2,0,2,0,2,0,2,0,0,2,1,1,1,1,0,2,1,2,0,0,1,2,0,0,2,2,2,0,0,0,2,1,1,0,0,1,1,1,0,0,0,0,2,0,2,0,2,1,1,1,2,2,1,0,1,0,0,1,0,0,2,0,0,0,0,1,2,2,1,0,0,2,0,1,0,1,0,2,2,0,0,0,0,1,1,2,2,0,2,1,2,2,0,1,1,0,0,1,1,1,0,2,0,1,1,1,0,2,1,2,2,1,1,2,0,0,2,0,0,1,0,2,0,2,2,1,1,1,1,0,1,1,0,0,1,1,0,2,1,1,0,0,0,0,2,1,2,1,0,2,1,1,2,1,0,1,2,0,0,2,2,0,1,0,2,2,0,2,0,1,0,2,1,0,2,1,0,2,2,2,1,1,2,1,0,1,0,2,2,0,1,0,1,2,2,1,1,0,2,0,0,1,0,1,2,2,0,0,1,2,2,2,2,1,2,1,2,1,0,1,1,1,2,2,2,1,0,1,2,0,2,1,0,0,1,1,1,2,0,0,0,2,1,1,1,2,0,0,2,1,2,1,2,0,2,2,1,2,0,2,1,0,0,2,2,0,2,1,2,0,0,0,1,0,0,1,0,2,1,1,0,2,0,0,0,1,2,0,0,1,0,1,2,1,2,2,0,2,1,2,1,2,1,1,1,2,0,2,1,1,1,2,1,0,2,1,1,0,2,1,0,2,0,0,0,1,2,2,2,2,2,1,1,0,0,1,0,0,2,1,0,1,2,2,1,1,1,0,0,2,0,1,1,0,1,1,0,0,0,2,1,2,1,0,0,0,0,0,2,2,0,2,1,1,1,0,1,2,2,1,2,2,1,2,1,2,1,1,2,1,2,0,2,1,2,1,0,0,1,1,1,1,0,1,2,0,2,2,1,0,2,1,0,0,0,1,0,1,2,2,2,0,2,1,1,0,1,1,0,2,2,2,1,1,1,0,0,1,0,2,0,1,1,1,0,1,1,1,2,2,2,1,2,1,1,1,0,0,0,2,1,2,0,1,1,0,0,1,1,1,0,1,2,0,1,2,2,1,1,0,0,0,2,1,0,1,1,1,0,0,0,0,1,2,0,0,0,2,2,0,2,1,1,0,1,2,0,2,0,1,0,2,1,2,2,0,1,2,1,1,0,0,1,2,2, ,
fittness: 0.9166666666666666  Time :  28.6595785  ticks: 28.659366369247437
------Mutualism phase-----------
------Communalism phase-----------
------Parasitism faze-----------
 Best:1,2,1,2,2,0,0,0,1,0,1,0,1,2,2,1,1,2,2,1,2,0,1,2,2,1,0,0,0,0,2,2,0,1,1,1,2,1,0,0,0,2,1,2,1,1,1,0,1,0,0,0,1,1,0,2,0,1,0,2,1,1,1,2,0,0,1,1,0,1,1,1,2,0,1,0,2,2,2,2,0,2,0,2,1,1,0,2,1,2,2,1,1,0,2,0,1,0,2,0,2,0,0,0,2,1,0,2,0,2,1,2,2,0,0,0,0,2,1,0,1,0,2,1,1,1,1,2,1,1,0,0,2,2,2,1,1,1,1,1,0,2,0,2,0,0,1,2,0,0,2,0,2,1,1,2,0,0,2,1,2,1,1,1,0,2,2,2,2,1,0,0,1,1,0,0,0,1,2,0,0,0,2,2,2,1,0,1,1,2,1,2,1,1,2,2,1,2,0,2,1,0,0,1,2,2,2,0,2,1,1,0,0,2,1,1,1,1,2,2,2,0,0,1,2,0,0,0,2,1,1,1,0,0,0,0,2,1,0,0,0,1,1,2,0,1,2,1,1,1,0,0,1,2,0,1,1,1,2,0,1,0,1,2,2,1,0,0,0,2,1,2,2,0,1,0,1,1,1,2,1,0,2,2,2,1,2,0,1,0,2,2,2,1,2,1,2,1,2,2,1,1,1,2,1,2,0,1,1,2,1,0,1,0,1,0,0,0,0,1,1,0,0,1,1,1,0,1,1,0,0,2,0,0,0,2,1,2,1,0,1,1,0,1,0,2,0,0,2,0,0,2,2,0,2,1,0,0,0,1,1,0,1,1,2,0,1,2,1,0,0,0,1,1,2,1,0,1,2,0,2,0,1,1,1,0,2,2,2,2,0,2,0,0,0,0,1,0,0,0,0,2,1,0,2,2,0,2,1,0,1,0,1,1,1,1,1,2,2,0,1,2,1,2,1,2,1,2,1,1,2,1,0,0,2,1,0,0,0,2,0,2,1,2,1,0,1,0,0,0,2,0,1,1,0,0,2,0,1,1,1,2,0,1,1,2,0,2,1,1,2,2,1,1,0,2,0,2,0,2,0,2,0,0,2,1,1,1,1,0,2,1,2,0,0,1,2,0,0,2,2,2,0,0,0,2,1,1,0,0,1,1,1,0,0,0,0,2,0,2,0,2,1,1,1,2,2,1,0,1,0,0,1,0,0,2,0,0,0,0,1,2,2,1,0,0,2,0,1,0,1,0,2,2,0,0,0,0,1,1,2,2,0,2,1,2,2,0,1,1,0,0,1,1,1,0,2,0,1,1,1,0,2,1,2,2,1,1,2,0,0,2,0,0,1,0,2,0,2,2,1,1,1,1,0,1,1,0,0,1,1,0,2,1,1,0,0,0,0,2,1,2,1,0,2,1,1,2,1,0,1,2,0,0,2,2,0,1,0,2,2,0,2,0,1,0,2,1,0,2,1,0,2,2,2,1,1,2,1,0,1,0,2,2,0,1,0,1,2,2,1,1,0,2,0,0,1,0,1,2,2,0,0,1,2,2,2,2,1,2,1,2,1,0,1,1,1,2,2,2,1,0,1,2,0,2,1,0,0,1,1,1,2,0,0,0,2,1,1,1,2,0,0,2,1,2,1,2,0,2,2,1,2,0,2,1,0,0,2,2,0,2,1,2,0,0,0,1,0,0,1,0,2,1,1,0,2,0,0,0,1,2,0,0,1,0,1,2,1,2,2,0,2,1,2,1,2,1,1,1,2,0,2,1,1,1,2,1,0,2,1,1,0,2,1,0,2,0,0,0,1,2,2,2,2,2,1,1,0,0,1,0,0,2,1,0,1,2,2,1,1,1,0,0,2,0,1,1,0,1,1,0,0,0,2,1,2,1,0,0,0,0,0,2,2,0,2,1,1,1,0,1,2,2,1,2,2,1,2,1,2,1,1,2,1,2,0,2,1,2,1,0,0,1,1,1,1,0,1,2,0,2,2,1,0,2,1,0,0,0,1,0,1,2,2,2,0,2,1,1,0,1,1,0,2,2,2,1,1,1,0,0,1,0,2,0,1,1,1,0,1,1,1,2,2,2,1,2,1,1,1,0,0,0,2,1,2,0,1,1,0,0,1,1,1,0,1,2,0,1,2,2,1,1,0,0,0,2,1,0,1,1,1,0,0,0,0,1,2,0,0,0,2,2,0,2,1,1,0,1,2,0,2,0,1,0,2,1,2,2,0,1,2,1,1,0,0,1,2,2, ,
fittness: 0.9166666666666666  Time :  30.928063399999996  ticks: 30.928297519683838
------Mutualism phase-----------
------Communalism phase-----------
------Parasitism faze-----------
 Best:1,2,1,2,2,0,0,0,1,0,1,0,1,2,2,1,1,2,2,1,2,0,1,2,2,1,0,0,0,0,2,2,0,1,1,1,2,1,0,0,0,2,1,2,1,1,1,0,1,0,0,0,1,1,0,2,0,1,0,2,1,1,1,2,0,0,1,1,0,1,1,1,2,0,1,0,2,2,2,2,0,2,0,2,1,1,0,2,1,2,2,1,1,0,2,0,1,0,2,0,2,0,0,0,2,1,0,2,0,2,1,2,2,0,0,0,0,2,1,0,1,0,2,1,1,1,1,2,1,1,0,0,2,2,2,1,1,1,1,1,0,2,0,2,0,0,1,2,0,0,2,0,2,1,1,2,0,0,2,1,2,1,1,1,0,2,2,2,2,1,0,0,1,1,0,0,0,1,2,0,0,0,2,2,2,1,0,1,1,2,1,2,1,1,2,2,1,2,0,2,1,0,0,1,2,2,2,0,2,1,1,0,0,2,1,1,1,1,2,2,2,0,0,1,2,0,0,0,2,1,1,1,0,0,0,0,2,1,0,0,0,1,1,2,0,1,2,1,1,1,0,0,1,2,0,1,1,1,2,0,1,0,1,2,2,1,0,0,0,2,1,2,2,0,1,0,1,1,1,2,1,0,2,2,2,1,2,0,1,0,2,2,2,1,2,1,2,1,2,2,1,1,1,2,1,2,0,1,1,2,1,0,1,0,1,0,0,0,0,1,1,0,0,1,1,1,0,1,1,0,0,2,0,0,0,2,1,2,1,0,1,1,0,1,0,2,0,0,2,0,0,2,2,0,2,1,0,0,0,1,1,0,1,1,2,0,1,2,1,0,0,0,1,1,2,1,0,1,2,0,2,0,1,1,1,0,2,2,2,2,0,2,0,0,0,0,1,0,0,0,0,2,1,0,2,2,0,2,1,0,1,0,1,1,1,1,1,2,2,0,1,2,1,2,1,2,1,2,1,1,2,1,0,0,2,1,0,0,0,2,0,2,1,2,1,0,1,0,0,0,2,0,1,1,0,0,2,0,1,1,1,2,0,1,1,2,0,2,1,1,2,2,1,1,0,2,0,2,0,2,0,2,0,0,2,1,1,1,1,0,2,1,2,0,0,1,2,0,0,2,2,2,0,0,0,2,1,1,0,0,1,1,1,0,0,0,0,2,0,2,0,2,1,1,1,2,2,1,0,1,0,0,1,0,0,2,0,0,0,0,1,2,2,1,0,0,2,0,1,0,1,0,2,2,0,0,0,0,1,1,2,2,0,2,1,2,2,0,1,1,0,0,1,1,1,0,2,0,1,1,1,0,2,1,2,2,1,1,2,0,0,2,0,0,1,0,2,0,2,2,1,1,1,1,0,1,1,0,0,1,1,0,2,1,1,0,0,0,0,2,1,2,1,0,2,1,1,2,1,0,1,2,0,0,2,2,0,1,0,2,2,0,2,0,1,0,2,1,0,2,1,0,2,2,2,1,1,2,1,0,1,0,2,2,0,1,0,1,2,2,1,1,0,2,0,0,1,0,1,2,2,0,0,1,2,2,2,2,1,2,1,2,1,0,1,1,1,2,2,2,1,0,1,2,0,2,1,0,0,1,1,1,2,0,0,0,2,1,1,1,2,0,0,2,1,2,1,2,0,2,2,1,2,0,2,1,0,0,2,2,0,2,1,2,0,0,0,1,0,0,1,0,2,1,1,0,2,0,0,0,1,2,0,0,1,0,1,2,1,2,2,0,2,1,2,1,2,1,1,1,2,0,2,1,1,1,2,1,0,2,1,1,0,2,1,0,2,0,0,0,1,2,2,2,2,2,1,1,0,0,1,0,0,2,1,0,1,2,2,1,1,1,0,0,2,0,1,1,0,1,1,0,0,0,2,1,2,1,0,0,0,0,0,2,2,0,2,1,1,1,0,1,2,2,1,2,2,1,2,1,2,1,1,2,1,2,0,2,1,2,1,0,0,1,1,1,1,0,1,2,0,2,2,1,0,2,1,0,0,0,1,0,1,2,2,2,0,2,1,1,0,1,1,0,2,2,2,1,1,1,0,0,1,0,2,0,1,1,1,0,1,1,1,2,2,2,1,2,1,1,1,0,0,0,2,1,2,0,1,1,0,0,1,1,1,0,1,2,0,1,2,2,1,1,0,0,0,2,1,0,1,1,1,0,0,0,0,1,2,0,0,0,2,2,0,2,1,1,0,1,2,0,2,0,1,0,2,1,2,2,0,1,2,1,1,0,0,1,2,2, ,
fittness: 0.9166666666666666  Time :  33.1874158  ticks: 33.18724989891052
------Mutualism phase-----------
------Communalism phase-----------
------Parasitism faze-----------
 Best:1,2,1,2,2,0,0,0,1,0,1,0,1,2,2,1,1,2,2,1,2,0,1,2,2,1,0,0,0,0,2,2,0,1,1,1,2,1,0,0,0,2,1,2,1,1,1,0,1,0,0,0,1,1,0,2,0,1,0,2,1,1,1,2,0,0,1,1,0,1,1,1,2,0,1,0,2,2,2,2,0,2,0,2,1,1,0,2,1,2,2,1,1,0,2,0,1,0,2,0,2,0,0,0,2,1,0,2,0,2,1,2,2,0,0,0,0,2,1,0,1,0,2,1,1,1,1,2,1,1,0,0,2,2,2,1,1,1,1,1,0,2,0,2,0,0,1,2,0,0,2,0,2,1,1,2,0,0,2,1,2,1,1,1,0,2,2,2,2,1,0,0,1,1,0,0,0,1,2,0,0,0,2,2,2,1,0,1,1,2,1,2,1,1,2,2,1,2,0,2,1,0,0,1,2,2,2,0,2,1,1,0,0,2,1,1,1,1,2,2,2,0,0,1,2,0,0,0,2,1,1,1,0,0,0,0,2,1,0,0,0,1,1,2,0,1,2,1,1,1,0,0,1,2,0,1,1,1,2,0,1,0,1,2,2,1,0,0,0,2,1,2,2,0,1,0,1,1,1,2,1,0,2,2,2,1,2,0,1,0,2,2,2,1,2,1,2,1,2,2,1,1,1,2,1,2,0,1,1,2,1,0,1,0,1,0,0,0,0,1,1,0,0,1,1,1,0,1,1,0,0,2,0,0,0,2,1,2,1,0,1,1,0,1,0,2,0,0,2,0,0,2,2,0,2,1,0,0,0,1,1,0,1,1,2,0,1,2,1,0,0,0,1,1,2,1,0,1,2,0,2,0,1,1,1,0,2,2,2,2,0,2,0,0,0,0,1,0,0,0,0,2,1,0,2,2,0,2,1,0,1,0,1,1,1,1,1,2,2,0,1,2,1,2,1,2,1,2,1,1,2,1,0,0,2,1,0,0,0,2,0,2,1,2,1,0,1,0,0,0,2,0,1,1,0,0,2,0,1,1,1,2,0,1,1,2,0,2,1,1,2,2,1,1,0,2,0,2,0,2,0,2,0,0,2,1,1,1,1,0,2,1,2,0,0,1,2,0,0,2,2,2,0,0,0,2,1,1,0,0,1,1,1,0,0,0,0,2,0,2,0,2,1,1,1,2,2,1,0,1,0,0,1,0,0,2,0,0,0,0,1,2,2,1,0,0,2,0,1,0,1,0,2,2,0,0,0,0,1,1,2,2,0,2,1,2,2,0,1,1,0,0,1,1,1,0,2,0,1,1,1,0,2,1,2,2,1,1,2,0,0,2,0,0,1,0,2,0,2,2,1,1,1,1,0,1,1,0,0,1,1,0,2,1,1,0,0,0,0,2,1,2,1,0,2,1,1,2,1,0,1,2,0,0,2,2,0,1,0,2,2,0,2,0,1,0,2,1,0,2,1,0,2,2,2,1,1,2,1,0,1,0,2,2,0,1,0,1,2,2,1,1,0,2,0,0,1,0,1,2,2,0,0,1,2,2,2,2,1,2,1,2,1,0,1,1,1,2,2,2,1,0,1,2,0,2,1,0,0,1,1,1,2,0,0,0,2,1,1,1,2,0,0,2,1,2,1,2,0,2,2,1,2,0,2,1,0,0,2,2,0,2,1,2,0,0,0,1,0,0,1,0,2,1,1,0,2,0,0,0,1,2,0,0,1,0,1,2,1,2,2,0,2,1,2,1,2,1,1,1,2,0,2,1,1,1,2,1,0,2,1,1,0,2,1,0,2,0,0,0,1,2,2,2,2,2,1,1,0,0,1,0,0,2,1,0,1,2,2,1,1,1,0,0,2,0,1,1,0,1,1,0,0,0,2,1,2,1,0,0,0,0,0,2,2,0,2,1,1,1,0,1,2,2,1,2,2,1,2,1,2,1,1,2,1,2,0,2,1,2,1,0,0,1,1,1,1,0,1,2,0,2,2,1,0,2,1,0,0,0,1,0,1,2,2,2,0,2,1,1,0,1,1,0,2,2,2,1,1,1,0,0,1,0,2,0,1,1,1,0,1,1,1,2,2,2,1,2,1,1,1,0,0,0,2,1,2,0,1,1,0,0,1,1,1,0,1,2,0,1,2,2,1,1,0,0,0,2,1,0,1,1,1,0,0,0,0,1,2,0,0,0,2,2,0,2,1,1,0,1,2,0,2,0,1,0,2,1,2,2,0,1,2,1,1,0,0,1,2,2, ,
fittness: 0.9166666666666666  Time :  35.691688299999996  ticks: 35.69154667854309
------Mutualism phase-----------
------Communalism phase-----------
------Parasitism faze-----------
 Best:1,2,0,1,2,1,2,0,1,0,0,2,0,1,2,0,0,1,2,2,2,0,0,0,1,1,0,0,0,0,2,2,2,1,1,2,0,0,1,0,0,2,1,2,1,1,0,0,1,1,2,0,2,0,0,1,1,0,2,2,2,2,2,1,1,0,2,1,1,2,1,1,2,2,0,0,2,2,1,2,1,2,1,2,1,2,1,2,0,1,2,1,0,0,1,1,1,0,1,2,1,0,0,0,2,2,0,2,1,1,1,2,1,1,0,0,0,1,0,1,1,0,2,0,2,2,1,2,1,0,1,1,1,2,1,0,1,2,0,2,1,1,0,0,0,0,1,2,2,0,1,2,2,0,1,1,1,0,2,0,1,1,1,0,1,1,2,2,0,1,2,2,0,1,1,0,0,0,2,0,1,0,2,1,1,0,0,1,2,2,0,1,1,1,0,1,0,2,2,1,0,1,0,2,2,2,2,0,2,0,0,1,0,2,0,0,1,0,1,2,1,1,0,1,1,1,0,0,2,1,2,2,0,0,1,1,1,1,0,0,1,2,2,2,0,2,2,1,0,0,0,1,0,1,0,1,1,2,1,2,1,0,1,1,2,1,0,1,1,2,2,2,1,1,2,0,0,2,0,0,1,1,1,1,2,2,2,0,0,2,2,1,2,0,2,1,2,0,0,1,1,1,0,1,1,1,0,2,0,0,0,0,2,0,0,1,0,2,0,2,0,0,0,0,2,1,2,0,0,2,1,2,1,2,1,2,0,2,1,1,0,2,0,0,0,2,0,1,2,0,1,1,2,2,1,0,0,0,2,1,0,2,2,1,2,0,0,1,0,0,0,2,1,2,2,2,0,0,2,0,1,1,1,0,1,0,1,1,2,2,0,1,1,2,0,0,0,0,1,2,0,2,2,0,2,2,0,2,1,1,1,0,0,2,1,1,1,2,1,2,2,1,1,2,0,2,0,1,1,1,1,2,0,0,1,1,0,0,0,2,0,2,0,2,1,2,1,0,0,0,1,0,1,0,0,0,0,0,1,2,2,2,0,1,2,2,0,1,0,0,1,0,0,0,1,1,0,2,1,2,1,2,0,0,2,2,2,0,2,0,1,1,2,2,0,2,2,0,0,1,1,1,1,0,2,0,0,1,0,1,0,1,1,2,0,2,0,1,0,2,2,2,2,2,1,1,2,1,0,1,0,2,1,0,1,2,0,0,1,2,2,2,2,1,0,2,1,2,1,1,0,0,2,1,1,1,0,2,1,0,2,2,0,1,1,1,1,0,1,0,0,0,2,0,0,1,2,1,1,0,1,1,2,2,2,1,0,1,1,1,0,1,2,0,2,1,1,0,1,1,0,0,0,0,0,2,0,0,1,2,0,1,1,2,0,2,0,1,0,2,2,1,0,1,0,2,1,1,1,2,1,1,0,1,2,2,0,0,1,0,1,1,2,2,0,1,1,0,0,1,2,0,2,1,2,0,1,0,1,0,1,0,1,0,0,1,0,1,2,2,2,2,1,1,2,0,0,0,2,2,2,1,0,1,2,2,2,1,2,2,0,2,1,2,1,2,0,0,2,2,1,0,0,2,0,1,0,1,1,0,0,0,1,0,0,2,1,1,1,1,2,0,0,2,0,2,1,0,2,1,1,0,1,2,1,2,0,1,1,2,0,2,0,1,1,0,2,0,0,1,2,2,1,1,0,1,1,0,0,1,0,2,0,1,0,0,2,1,0,2,2,0,2,1,2,0,2,0,0,1,2,2,1,0,0,2,1,1,2,1,2,0,0,2,2,1,2,1,1,1,0,2,0,2,1,2,1,0,1,0,1,0,0,2,2,1,0,2,1,1,2,2,1,0,2,2,0,1,1,1,1,2,2,1,2,1,2,1,0,0,1,2,2,1,1,1,2,1,0,0,0,0,2,2,1,1,2,0,1,1,1,1,2,1,1,2,1,0,1,1,2,0,2,2,0,1,0,0,1,0,1,1,1,0,2,2,1,0,1,1,2,2,2,1,1,2,0,0,0,1,2,0,2,2,0,0,2,1,1,2,0,0,2,0,2,0,2,2,0,0,1,0,0,1,0,1,0,1,0,0,1,2,1,1,0,1,1,2,0,0,0,2,2,1,2,1,0,2,0,1,2,2,0,0,0,2,1,2,2,0,2,1,0,0,1,0,1,1,1,1,0,1,0,1,0,0,1,0,1,1,2,1,2,1,1,0,1,1,2,0,2,0,2,1,2,1,0,2,2,2, ,
fittness: 1.0  Time :  38.125488399999995  ticks: 38.125996351242065
------Mutualism phase-----------
------Communalism phase-----------
------Parasitism faze-----------
 Best:1,2,0,1,2,1,2,0,1,0,0,2,0,1,2,0,0,1,2,2,2,0,0,0,1,1,0,0,0,0,2,2,2,1,1,2,0,0,1,0,0,2,1,2,1,1,0,0,1,1,2,0,2,0,0,1,1,0,2,2,2,2,2,1,1,0,2,1,1,2,1,1,2,2,0,0,2,2,1,2,1,2,1,2,1,2,1,2,0,1,2,1,0,0,1,1,1,0,1,2,1,0,0,0,2,2,0,2,1,1,1,2,1,1,0,0,0,1,0,1,1,0,2,0,2,2,1,2,1,0,1,1,1,2,1,0,1,2,0,2,1,1,0,0,0,0,1,2,2,0,1,2,2,0,1,1,1,0,2,0,1,1,1,0,1,1,2,2,0,1,2,2,0,1,1,0,0,0,2,0,1,0,2,1,1,0,0,1,2,2,0,1,1,1,0,1,0,2,2,1,0,1,0,2,2,2,2,0,2,0,0,1,0,2,0,0,1,0,1,2,1,1,0,1,1,1,0,0,2,1,2,2,0,0,1,1,1,1,0,0,1,2,2,2,0,2,2,1,0,0,0,1,0,1,0,1,1,2,1,2,1,0,1,1,2,1,0,1,1,2,2,2,1,1,2,0,0,2,0,0,1,1,1,1,2,2,2,0,0,2,2,1,2,0,2,1,2,0,0,1,1,1,0,1,1,1,0,2,0,0,0,0,2,0,0,1,0,2,0,2,0,0,0,0,2,1,2,0,0,2,1,2,1,2,1,2,0,2,1,1,0,2,0,0,0,2,0,1,2,0,1,1,2,2,1,0,0,0,2,1,0,2,2,1,2,0,0,1,0,0,0,2,1,2,2,2,0,0,2,0,1,1,1,0,1,0,1,1,2,2,0,1,1,2,0,0,0,0,1,2,0,2,2,0,2,2,0,2,1,1,1,0,0,2,1,1,1,2,1,2,2,1,1,2,0,2,0,1,1,1,1,2,0,0,1,1,0,0,0,2,0,2,0,2,1,2,1,0,0,0,1,0,1,0,0,0,0,0,1,2,2,2,0,1,2,2,0,1,0,0,1,0,0,0,1,1,0,2,1,2,1,2,0,0,2,2,2,0,2,0,1,1,2,2,0,2,2,0,0,1,1,1,1,0,2,0,0,1,0,1,0,1,1,2,0,2,0,1,0,2,2,2,2,2,1,1,2,1,0,1,0,2,1,0,1,2,0,0,1,2,2,2,2,1,0,2,1,2,1,1,0,0,2,1,1,1,0,2,1,0,2,2,0,1,1,1,1,0,1,0,0,0,2,0,0,1,2,1,1,0,1,1,2,2,2,1,0,1,1,1,0,1,2,0,2,1,1,0,1,1,0,0,0,0,0,2,0,0,1,2,0,1,1,2,0,2,0,1,0,2,2,1,0,1,0,2,1,1,1,2,1,1,0,1,2,2,0,0,1,0,1,1,2,2,0,1,1,0,0,1,2,0,2,1,2,0,1,0,1,0,1,0,1,0,0,1,0,1,2,2,2,2,1,1,2,0,0,0,2,2,2,1,0,1,2,2,2,1,2,2,0,2,1,2,1,2,0,0,2,2,1,0,0,2,0,1,0,1,1,0,0,0,1,0,0,2,1,1,1,1,2,0,0,2,0,2,1,0,2,1,1,0,1,2,1,2,0,1,1,2,0,2,0,1,1,0,2,0,0,1,2,2,1,1,0,1,1,0,0,1,0,2,0,1,0,0,2,1,0,2,2,0,2,1,2,0,2,0,0,1,2,2,1,0,0,2,1,1,2,1,2,0,0,2,2,1,2,1,1,1,0,2,0,2,1,2,1,0,1,0,1,0,0,2,2,1,0,2,1,1,2,2,1,0,2,2,0,1,1,1,1,2,2,1,2,1,2,1,0,0,1,2,2,1,1,1,2,1,0,0,0,0,2,2,1,1,2,0,1,1,1,1,2,1,1,2,1,0,1,1,2,0,2,2,0,1,0,0,1,0,1,1,1,0,2,2,1,0,1,1,2,2,2,1,1,2,0,0,0,1,2,0,2,2,0,0,2,1,1,2,0,0,2,0,2,0,2,2,0,0,1,0,0,1,0,1,0,1,0,0,1,2,1,1,0,1,1,2,0,0,0,2,2,1,2,1,0,2,0,1,2,2,0,0,0,2,1,2,2,0,2,1,0,0,1,0,1,1,1,1,0,1,0,1,0,0,1,0,1,1,2,1,2,1,1,0,1,1,2,0,2,0,2,1,2,1,0,2,2,2, ,
fittness: 1.0  Time :  40.47582870000001  ticks: 40.47571039199829
------Mutualism phase-----------
------Communalism phase-----------
------Parasitism faze-----------
 Best:1,2,0,1,2,1,2,0,1,0,0,2,0,1,2,0,0,1,2,2,2,0,0,0,1,1,0,0,0,0,2,2,2,1,1,2,0,0,1,0,0,2,1,2,1,1,0,0,1,1,2,0,2,0,0,1,1,0,2,2,2,2,2,1,1,0,2,1,1,2,1,1,2,2,0,0,2,2,1,2,1,2,1,2,1,2,1,2,0,1,2,1,0,0,1,1,1,0,1,2,1,0,0,0,2,2,0,2,1,1,1,2,1,1,0,0,0,1,0,1,1,0,2,0,2,2,1,2,1,0,1,1,1,2,1,0,1,2,0,2,1,1,0,0,0,0,1,2,2,0,1,2,2,0,1,1,1,0,2,0,1,1,1,0,1,1,2,2,0,1,2,2,0,1,1,0,0,0,2,0,1,0,2,1,1,0,0,1,2,2,0,1,1,1,0,1,0,2,2,1,0,1,0,2,2,2,2,0,2,0,0,1,0,2,0,0,1,0,1,2,1,1,0,1,1,1,0,0,2,1,2,2,0,0,1,1,1,1,0,0,1,2,2,2,0,2,2,1,0,0,0,1,0,1,0,1,1,2,1,2,1,0,1,1,2,1,0,1,1,2,2,2,1,1,2,0,0,2,0,0,1,1,1,1,2,2,2,0,0,2,2,1,2,0,2,1,2,0,0,1,1,1,0,1,1,1,0,2,0,0,0,0,2,0,0,1,0,2,0,2,0,0,0,0,2,1,2,0,0,2,1,2,1,2,1,2,0,2,1,1,0,2,0,0,0,2,0,1,2,0,1,1,2,2,1,0,0,0,2,1,0,2,2,1,2,0,0,1,0,0,0,2,1,2,2,2,0,0,2,0,1,1,1,0,1,0,1,1,2,2,0,1,1,2,0,0,0,0,1,2,0,2,2,0,2,2,0,2,1,1,1,0,0,2,1,1,1,2,1,2,2,1,1,2,0,2,0,1,1,1,1,2,0,0,1,1,0,0,0,2,0,2,0,2,1,2,1,0,0,0,1,0,1,0,0,0,0,0,1,2,2,2,0,1,2,2,0,1,0,0,1,0,0,0,1,1,0,2,1,2,1,2,0,0,2,2,2,0,2,0,1,1,2,2,0,2,2,0,0,1,1,1,1,0,2,0,0,1,0,1,0,1,1,2,0,2,0,1,0,2,2,2,2,2,1,1,2,1,0,1,0,2,1,0,1,2,0,0,1,2,2,2,2,1,0,2,1,2,1,1,0,0,2,1,1,1,0,2,1,0,2,2,0,1,1,1,1,0,1,0,0,0,2,0,0,1,2,1,1,0,1,1,2,2,2,1,0,1,1,1,0,1,2,0,2,1,1,0,1,1,0,0,0,0,0,2,0,0,1,2,0,1,1,2,0,2,0,1,0,2,2,1,0,1,0,2,1,1,1,2,1,1,0,1,2,2,0,0,1,0,1,1,2,2,0,1,1,0,0,1,2,0,2,1,2,0,1,0,1,0,1,0,1,0,0,1,0,1,2,2,2,2,1,1,2,0,0,0,2,2,2,1,0,1,2,2,2,1,2,2,0,2,1,2,1,2,0,0,2,2,1,0,0,2,0,1,0,1,1,0,0,0,1,0,0,2,1,1,1,1,2,0,0,2,0,2,1,0,2,1,1,0,1,2,1,2,0,1,1,2,0,2,0,1,1,0,2,0,0,1,2,2,1,1,0,1,1,0,0,1,0,2,0,1,0,0,2,1,0,2,2,0,2,1,2,0,2,0,0,1,2,2,1,0,0,2,1,1,2,1,2,0,0,2,2,1,2,1,1,1,0,2,0,2,1,2,1,0,1,0,1,0,0,2,2,1,0,2,1,1,2,2,1,0,2,2,0,1,1,1,1,2,2,1,2,1,2,1,0,0,1,2,2,1,1,1,2,1,0,0,0,0,2,2,1,1,2,0,1,1,1,1,2,1,1,2,1,0,1,1,2,0,2,2,0,1,0,0,1,0,1,1,1,0,2,2,1,0,1,1,2,2,2,1,1,2,0,0,0,1,2,0,2,2,0,0,2,1,1,2,0,0,2,0,2,0,2,2,0,0,1,0,0,1,0,1,0,1,0,0,1,2,1,1,0,1,1,2,0,0,0,2,2,1,2,1,0,2,0,1,2,2,0,0,0,2,1,2,2,0,2,1,0,0,1,0,1,1,1,1,0,1,0,1,0,0,1,0,1,1,2,1,2,1,1,0,1,1,2,0,2,0,2,1,2,1,0,2,2,2, ,
fittness: 1.0  Time :  42.9573491  ticks: 42.957072257995605
------Mutualism phase-----------
------Communalism phase-----------
------Parasitism faze-----------
 Best:1,2,0,1,2,1,2,0,1,0,0,2,0,1,2,0,0,1,2,2,2,0,0,0,1,1,0,0,0,0,2,2,2,1,1,2,0,0,1,0,0,2,1,2,1,1,0,0,1,1,2,0,2,0,0,1,1,0,2,2,2,2,2,1,1,0,2,1,1,2,1,1,2,2,0,0,2,2,1,2,1,2,1,2,1,2,1,2,0,1,2,1,0,0,1,1,1,0,1,2,1,0,0,0,2,2,0,2,1,1,1,2,1,1,0,0,0,1,0,1,1,0,2,0,2,2,1,2,1,0,1,1,1,2,1,0,1,2,0,2,1,1,0,0,0,0,1,2,2,0,1,2,2,0,1,1,1,0,2,0,1,1,1,0,1,1,2,2,0,1,2,2,0,1,1,0,0,0,2,0,1,0,2,1,1,0,0,1,2,2,0,1,1,1,0,1,0,2,2,1,0,1,0,2,2,2,2,0,2,0,0,1,0,2,0,0,1,0,1,2,1,1,0,1,1,1,0,0,2,1,2,2,0,0,1,1,1,1,0,0,1,2,2,2,0,2,2,1,0,0,0,1,0,1,0,1,1,2,1,2,1,0,1,1,2,1,0,1,1,2,2,2,1,1,2,0,0,2,0,0,1,1,1,1,2,2,2,0,0,2,2,1,2,0,2,1,2,0,0,1,1,1,0,1,1,1,0,2,0,0,0,0,2,0,0,1,0,2,0,2,0,0,0,0,2,1,2,0,0,2,1,2,1,2,1,2,0,2,1,1,0,2,0,0,0,2,0,1,2,0,1,1,2,2,1,0,0,0,2,1,0,2,2,1,2,0,0,1,0,0,0,2,1,2,2,2,0,0,2,0,1,1,1,0,1,0,1,1,2,2,0,1,1,2,0,0,0,0,1,2,0,2,2,0,2,2,0,2,1,1,1,0,0,2,1,1,1,2,1,2,2,1,1,2,0,2,0,1,1,1,1,2,0,0,1,1,0,0,0,2,0,2,0,2,1,2,1,0,0,0,1,0,1,0,0,0,0,0,1,2,2,2,0,1,2,2,0,1,0,0,1,0,0,0,1,1,0,2,1,2,1,2,0,0,2,2,2,0,2,0,1,1,2,2,0,2,2,0,0,1,1,1,1,0,2,0,0,1,0,1,0,1,1,2,0,2,0,1,0,2,2,2,2,2,1,1,2,1,0,1,0,2,1,0,1,2,0,0,1,2,2,2,2,1,0,2,1,2,1,1,0,0,2,1,1,1,0,2,1,0,2,2,0,1,1,1,1,0,1,0,0,0,2,0,0,1,2,1,1,0,1,1,2,2,2,1,0,1,1,1,0,1,2,0,2,1,1,0,1,1,0,0,0,0,0,2,0,0,1,2,0,1,1,2,0,2,0,1,0,2,2,1,0,1,0,2,1,1,1,2,1,1,0,1,2,2,0,0,1,0,1,1,2,2,0,1,1,0,0,1,2,0,2,1,2,0,1,0,1,0,1,0,1,0,0,1,0,1,2,2,2,2,1,1,2,0,0,0,2,2,2,1,0,1,2,2,2,1,2,2,0,2,1,2,1,2,0,0,2,2,1,0,0,2,0,1,0,1,1,0,0,0,1,0,0,2,1,1,1,1,2,0,0,2,0,2,1,0,2,1,1,0,1,2,1,2,0,1,1,2,0,2,0,1,1,0,2,0,0,1,2,2,1,1,0,1,1,0,0,1,0,2,0,1,0,0,2,1,0,2,2,0,2,1,2,0,2,0,0,1,2,2,1,0,0,2,1,1,2,1,2,0,0,2,2,1,2,1,1,1,0,2,0,2,1,2,1,0,1,0,1,0,0,2,2,1,0,2,1,1,2,2,1,0,2,2,0,1,1,1,1,2,2,1,2,1,2,1,0,0,1,2,2,1,1,1,2,1,0,0,0,0,2,2,1,1,2,0,1,1,1,1,2,1,1,2,1,0,1,1,2,0,2,2,0,1,0,0,1,0,1,1,1,0,2,2,1,0,1,1,2,2,2,1,1,2,0,0,0,1,2,0,2,2,0,0,2,1,1,2,0,0,2,0,2,0,2,2,0,0,1,0,0,1,0,1,0,1,0,0,1,2,1,1,0,1,1,2,0,0,0,2,2,1,2,1,0,2,0,1,2,2,0,0,0,2,1,2,2,0,2,1,0,0,1,0,1,1,1,1,0,1,0,1,0,0,1,0,1,1,2,1,2,1,1,0,1,1,2,0,2,0,2,1,2,1,0,2,2,2, ,
fittness: 1.0  Time :  45.71490440000001  ticks: 45.71469497680664
------Mutualism phase-----------
------Communalism phase-----------
------Parasitism faze-----------
 Best:1,2,0,1,2,1,2,0,1,0,0,2,0,1,2,0,0,1,2,2,2,0,0,0,1,1,0,0,0,0,2,2,2,1,1,2,0,0,1,0,0,2,1,2,1,1,0,0,1,1,2,0,2,0,0,1,1,0,2,2,2,2,2,1,1,0,2,1,1,2,1,1,2,2,0,0,2,2,1,2,1,2,1,2,1,2,1,2,0,1,2,1,0,0,1,1,1,0,1,2,1,0,0,0,2,2,0,2,1,1,1,2,1,1,0,0,0,1,0,1,1,0,2,0,2,2,1,2,1,0,1,1,1,2,1,0,1,2,0,2,1,1,0,0,0,0,1,2,2,0,1,2,2,0,1,1,1,0,2,0,1,1,1,0,1,1,2,2,0,1,2,2,0,1,1,0,0,0,2,0,1,0,2,1,1,0,0,1,2,2,0,1,1,1,0,1,0,2,2,1,0,1,0,2,2,2,2,0,2,0,0,1,0,2,0,0,1,0,1,2,1,1,0,1,1,1,0,0,2,1,2,2,0,0,1,1,1,1,0,0,1,2,2,2,0,2,2,1,0,0,0,1,0,1,0,1,1,2,1,2,1,0,1,1,2,1,0,1,1,2,2,2,1,1,2,0,0,2,0,0,1,1,1,1,2,2,2,0,0,2,2,1,2,0,2,1,2,0,0,1,1,1,0,1,1,1,0,2,0,0,0,0,2,0,0,1,0,2,0,2,0,0,0,0,2,1,2,0,0,2,1,2,1,2,1,2,0,2,1,1,0,2,0,0,0,2,0,1,2,0,1,1,2,2,1,0,0,0,2,1,0,2,2,1,2,0,0,1,0,0,0,2,1,2,2,2,0,0,2,0,1,1,1,0,1,0,1,1,2,2,0,1,1,2,0,0,0,0,1,2,0,2,2,0,2,2,0,2,1,1,1,0,0,2,1,1,1,2,1,2,2,1,1,2,0,2,0,1,1,1,1,2,0,0,1,1,0,0,0,2,0,2,0,2,1,2,1,0,0,0,1,0,1,0,0,0,0,0,1,2,2,2,0,1,2,2,0,1,0,0,1,0,0,0,1,1,0,2,1,2,1,2,0,0,2,2,2,0,2,0,1,1,2,2,0,2,2,0,0,1,1,1,1,0,2,0,0,1,0,1,0,1,1,2,0,2,0,1,0,2,2,2,2,2,1,1,2,1,0,1,0,2,1,0,1,2,0,0,1,2,2,2,2,1,0,2,1,2,1,1,0,0,2,1,1,1,0,2,1,0,2,2,0,1,1,1,1,0,1,0,0,0,2,0,0,1,2,1,1,0,1,1,2,2,2,1,0,1,1,1,0,1,2,0,2,1,1,0,1,1,0,0,0,0,0,2,0,0,1,2,0,1,1,2,0,2,0,1,0,2,2,1,0,1,0,2,1,1,1,2,1,1,0,1,2,2,0,0,1,0,1,1,2,2,0,1,1,0,0,1,2,0,2,1,2,0,1,0,1,0,1,0,1,0,0,1,0,1,2,2,2,2,1,1,2,0,0,0,2,2,2,1,0,1,2,2,2,1,2,2,0,2,1,2,1,2,0,0,2,2,1,0,0,2,0,1,0,1,1,0,0,0,1,0,0,2,1,1,1,1,2,0,0,2,0,2,1,0,2,1,1,0,1,2,1,2,0,1,1,2,0,2,0,1,1,0,2,0,0,1,2,2,1,1,0,1,1,0,0,1,0,2,0,1,0,0,2,1,0,2,2,0,2,1,2,0,2,0,0,1,2,2,1,0,0,2,1,1,2,1,2,0,0,2,2,1,2,1,1,1,0,2,0,2,1,2,1,0,1,0,1,0,0,2,2,1,0,2,1,1,2,2,1,0,2,2,0,1,1,1,1,2,2,1,2,1,2,1,0,0,1,2,2,1,1,1,2,1,0,0,0,0,2,2,1,1,2,0,1,1,1,1,2,1,1,2,1,0,1,1,2,0,2,2,0,1,0,0,1,0,1,1,1,0,2,2,1,0,1,1,2,2,2,1,1,2,0,0,0,1,2,0,2,2,0,0,2,1,1,2,0,0,2,0,2,0,2,2,0,0,1,0,0,1,0,1,0,1,0,0,1,2,1,1,0,1,1,2,0,0,0,2,2,1,2,1,0,2,0,1,2,2,0,0,0,2,1,2,2,0,2,1,0,0,1,0,1,1,1,1,0,1,0,1,0,0,1,0,1,1,2,1,2,1,1,0,1,1,2,0,2,0,2,1,2,1,0,2,2,2, ,
fittness: 1.0  Time :  48.2757244  ticks: 48.27584362030029
 number of generations :  19
 Best:1,2,0,1,2,1,2,0,1,0,0,2,0,1,2,0,0,1,2,2,2,0,0,0,1,1,0,0,0,0,2,2,2,1,1,2,0,0,1,0,0,2,1,2,1,1,0,0,1,1,2,0,2,0,0,1,1,0,2,2,2,2,2,1,1,0,2,1,1,2,1,1,2,2,0,0,2,2,1,2,1,2,1,2,1,2,1,2,0,1,2,1,0,0,1,1,1,0,1,2,1,0,0,0,2,2,0,2,1,1,1,2,1,1,0,0,0,1,0,1,1,0,2,0,2,2,1,2,1,0,1,1,1,2,1,0,1,2,0,2,1,1,0,0,0,0,1,2,2,0,1,2,2,0,1,1,1,0,2,0,1,1,1,0,1,1,2,2,0,1,2,2,0,1,1,0,0,0,2,0,1,0,2,1,1,0,0,1,2,2,0,1,1,1,0,1,0,2,2,1,0,1,0,2,2,2,2,0,2,0,0,1,0,2,0,0,1,0,1,2,1,1,0,1,1,1,0,0,2,1,2,2,0,0,1,1,1,1,0,0,1,2,2,2,0,2,2,1,0,0,0,1,0,1,0,1,1,2,1,2,1,0,1,1,2,1,0,1,1,2,2,2,1,1,2,0,0,2,0,0,1,1,1,1,2,2,2,0,0,2,2,1,2,0,2,1,2,0,0,1,1,1,0,1,1,1,0,2,0,0,0,0,2,0,0,1,0,2,0,2,0,0,0,0,2,1,2,0,0,2,1,2,1,2,1,2,0,2,1,1,0,2,0,0,0,2,0,1,2,0,1,1,2,2,1,0,0,0,2,1,0,2,2,1,2,0,0,1,0,0,0,2,1,2,2,2,0,0,2,0,1,1,1,0,1,0,1,1,2,2,0,1,1,2,0,0,0,0,1,2,0,2,2,0,2,2,0,2,1,1,1,0,0,2,1,1,1,2,1,2,2,1,1,2,0,2,0,1,1,1,1,2,0,0,1,1,0,0,0,2,0,2,0,2,1,2,1,0,0,0,1,0,1,0,0,0,0,0,1,2,2,2,0,1,2,2,0,1,0,0,1,0,0,0,1,1,0,2,1,2,1,2,0,0,2,2,2,0,2,0,1,1,2,2,0,2,2,0,0,1,1,1,1,0,2,0,0,1,0,1,0,1,1,2,0,2,0,1,0,2,2,2,2,2,1,1,2,1,0,1,0,2,1,0,1,2,0,0,1,2,2,2,2,1,0,2,1,2,1,1,0,0,2,1,1,1,0,2,1,0,2,2,0,1,1,1,1,0,1,0,0,0,2,0,0,1,2,1,1,0,1,1,2,2,2,1,0,1,1,1,0,1,2,0,2,1,1,0,1,1,0,0,0,0,0,2,0,0,1,2,0,1,1,2,0,2,0,1,0,2,2,1,0,1,0,2,1,1,1,2,1,1,0,1,2,2,0,0,1,0,1,1,2,2,0,1,1,0,0,1,2,0,2,1,2,0,1,0,1,0,1,0,1,0,0,1,0,1,2,2,2,2,1,1,2,0,0,0,2,2,2,1,0,1,2,2,2,1,2,2,0,2,1,2,1,2,0,0,2,2,1,0,0,2,0,1,0,1,1,0,0,0,1,0,0,2,1,1,1,1,2,0,0,2,0,2,1,0,2,1,1,0,1,2,1,2,0,1,1,2,0,2,0,1,1,0,2,0,0,1,2,2,1,1,0,1,1,0,0,1,0,2,0,1,0,0,2,1,0,2,2,0,2,1,2,0,2,0,0,1,2,2,1,0,0,2,1,1,2,1,2,0,0,2,2,1,2,1,1,1,0,2,0,2,1,2,1,0,1,0,1,0,0,2,2,1,0,2,1,1,2,2,1,0,2,2,0,1,1,1,1,2,2,1,2,1,2,1,0,0,1,2,2,1,1,1,2,1,0,0,0,0,2,2,1,1,2,0,1,1,1,1,2,1,1,2,1,0,1,1,2,0,2,2,0,1,0,0,1,0,1,1,1,0,2,2,1,0,1,1,2,2,2,1,1,2,0,0,0,1,2,0,2,2,0,0,2,1,1,2,0,0,2,0,2,0,2,2,0,0,1,0,0,1,0,1,0,1,0,0,1,2,1,1,0,1,1,2,0,0,0,2,2,1,2,1,0,2,0,1,2,2,0,0,0,2,1,2,2,0,2,1,0,0,1,0,1,1,1,1,0,1,0,1,0,0,1,0,1,1,2,1,2,1,1,0,1,1,2,0,2,0,2,1,2,1,0,2,2,2, ,
fittness: 1.0  Time :  48.276238500000005  ticks: 48.27683997154236

[[(True, 'Anti Flat Player', 0), (True, 'Copy Player', 4), (True, 'Freq Player', 37), (True, 'Flat Player', 58), (False, 'Foxtrot Player', -76), (True, 'Bruijn 81 Player', 44), (True, 'Pi Player', 16), (True, '226 Player', 5), (True, 'Random Player', 22), (True, 'Rotating Player', 31), (True, 'Switching Player', 10), (False, 'Switch a Lot Player', -19), (True, 'greenberg', 25), (False, 'iocaine', -24)], [(True, 'Anti Flat Player', 2), (True, 'Copy Player', 4), (True, 'Freq Player', 37), (True, 'Flat Player', 30), (False, 'Foxtrot Player', -35), (True, 'Bruijn 81 Player', 44), (True, 'Pi Player', 16), (False, '226 Player', -20), (False, 'Random Player', -39), (True, 'Rotating Player', 31), (False, 'Switching Player', -26), (True, 'Switch a Lot Player', 13), (True, 'greenberg', 17), (True, 'iocaine', 44)], [(True, 'Anti Flat Player', 0), (True, 'Copy Player', 4), (True, 'Freq Player', 37), (False, 'Flat Player', -59), (True, 'Foxtrot Player', 53), (True, 'Bruijn 81 Player', 44), (True, 'Pi Player', 16), (False, '226 Player', -23), (True, 'Random Player', 16), (True, 'Rotating Player', 31), (True, 'Switching Player', 21), (True, 'Switch a Lot Player', 21), (True, 'greenberg', 7), (False, 'iocaine', -11)], [(True, 'Anti Flat Player', 4), (True, 'Copy Player', 4), (True, 'Freq Player', 37), (True, 'Flat Player', 70), (True, 'Foxtrot Player', 28), (True, 'Bruijn 81 Player', 44), (True, 'Pi Player', 16), (False, '226 Player', -5), (False, 'Random Player', -7), (True, 'Rotating Player', 31), (True, 'Switching Player', 18), (True, 'Switch a Lot Player', 74), (False, 'greenberg', -20), (False, 'iocaine', -40)], [(True, 'Anti Flat Player', 3), (True, 'Copy Player', 4), (True, 'Freq Player', 37), (True, 'Flat Player', 13), (True, 'Foxtrot Player', 13), (True, 'Bruijn 81 Player', 44), (True, 'Pi Player', 16), (False, '226 Player', -10), (False, 'Random Player', -12), (True, 'Rotating Player', 31), (True, 'Switching Player', 26), (True, 'Switch a Lot Player', 1), (False, 'greenberg', -15), (False, 'iocaine', -11)], [(True, 'Anti Flat Player', 3), (True, 'Copy Player', 4), (True, 'Freq Player', 37), (False, 'Flat Player', -9), (True, 'Foxtrot Player', 22), (True, 'Bruijn 81 Player', 44), (True, 'Pi Player', 16), (True, '226 Player', 11), (False, 'Random Player', -26), (True, 'Rotating Player', 31), (True, 'Switching Player', 23), (False, 'Switch a Lot Player', -13), (False, 'greenberg', -8), (False, 'iocaine', -29)], [(True, 'Anti Flat Player', 2), (True, 'Copy Player', 4), (True, 'Freq Player', 37), (False, 'Flat Player', -21), (False, 'Foxtrot Player', -34), (True, 'Bruijn 81 Player', 44), (True, 'Pi Player', 16), (True, '226 Player', 18), (True, 'Random Player', 38), (True, 'Rotating Player', 31), (True, 'Switching Player', 10), (True, 'Switch a Lot Player', 16), (True, 'greenberg', 28), (True, 'iocaine', 2)], [(True, 'Anti Flat Player', 2), (True, 'Copy Player', 4), (True, 'Freq Player', 37), (True, 'Flat Player', 6), (False, 'Foxtrot Player', -12), (True, 'Bruijn 81 Player', 44), (True, 'Pi Player', 16), (False, '226 Player', -39), (False, 'Random Player', -47), (True, 'Rotating Player', 31), (True, 'Switching Player', 30), (False, 'Switch a Lot Player', -58), (True, 'greenberg', 40), (True, 'iocaine', 3)], [(True, 'Anti Flat Player', 3), (True, 'Copy Player', 4), (True, 'Freq Player', 37), (False, 'Flat Player', -12), (False, 'Foxtrot Player', -68), (True, 'Bruijn 81 Player', 44), (True, 'Pi Player', 16), (False, '226 Player', -37), (False, 'Random Player', -15), (True, 'Rotating Player', 31), (False, 'Switching Player', -38), (True, 'Switch a Lot Player', 30), (False, 'greenberg', -32), (True, 'iocaine', 9)], [(True, 'Anti Flat Player', 4), (True, 'Copy Player', 4), (True, 'Freq Player', 37), (False, 'Flat Player', -8), (False, 'Foxtrot Player', -40), (True, 'Bruijn 81 Player', 44), (True, 'Pi Player', 16), (False, '226 Player', -2), (False, 'Random Player', -18), (True, 'Rotating Player', 31), (False, 'Switching Player', -22), (False, 'Switch a Lot Player', -21), (False, 'greenberg', -32), (True, 'iocaine', 3)], [(True, 'Anti Flat Player', 6), (True, 'Copy Player', 4), (True, 'Freq Player', 37), (True, 'Flat Player', 12), (True, 'Foxtrot Player', 14), (True, 'Bruijn 81 Player', 44), (True, 'Pi Player', 16), (True, '226 Player', 32), (False, 'Random Player', -11), (True, 'Rotating Player', 31), (True, 'Switching Player', 26), (True, 'Switch a Lot Player', 31), (True, 'greenberg', 31), (False, 'iocaine', -11)], [(True, 'Anti Flat Player', 2), (True, 'Copy Player', 4), (True, 'Freq Player', 37), (True, 'Flat Player', 31), (True, 'Foxtrot Player', 37), (True, 'Bruijn 81 Player', 44), (True, 'Pi Player', 16), (True, '226 Player', 37), (True, 'Random Player', 8), (True, 'Rotating Player', 31), (True, 'Switching Player', 47), (False, 'Switch a Lot Player', -17), (False, 'greenberg', -15), (False, 'iocaine', -6)], [(True, 'Anti Flat Player', 3), (True, 'Copy Player', 4), (True, 'Freq Player', 37), (True, 'Flat Player', 3), (True, 'Foxtrot Player', 35), (True, 'Bruijn 81 Player', 44), (True, 'Pi Player', 16), (True, '226 Player', 32), (False, 'Random Player', -9), (True, 'Rotating Player', 31), (True, 'Switching Player', 27), (True, 'Switch a Lot Player', 9), (False, 'greenberg', -42), (True, 'iocaine', 42)], [(True, 'Anti Flat Player', 0), (True, 'Copy Player', 4), (True, 'Freq Player', 37), (True, 'Flat Player', 12), (False, 'Foxtrot Player', -34), (True, 'Bruijn 81 Player', 44), (True, 'Pi Player', 16), (True, '226 Player', 0), (True, 'Random Player', 12), (True, 'Rotating Player', 31), (True, 'Switching Player', 20), (False, 'Switch a Lot Player', -29), (True, 'greenberg', 34), (False, 'iocaine', -3)], [(True, 'Anti Flat Player', 4), (True, 'Copy Player', 4), (True, 'Freq Player', 37), (True, 'Flat Player', 26), (False, 'Foxtrot Player', -5), (True, 'Bruijn 81 Player', 44), (True, 'Pi Player', 16), (True, '226 Player', 1), (True, 'Random Player', 3), (True, 'Rotating Player', 31), (True, 'Switching Player', 13), (False, 'Switch a Lot Player', -21), (False, 'greenberg', -14), (False, 'iocaine', -12)], [(True, 'Anti Flat Player', 3), (True, 'Copy Player', 4), (True, 'Freq Player', 37), (False, 'Flat Player', -6), (True, 'Foxtrot Player', 18), (True, 'Bruijn 81 Player', 44), (True, 'Pi Player', 16), (False, '226 Player', -36), (True, 'Random Player', 12), (True, 'Rotating Player', 31), (True, 'Switching Player', 11), (False, 'Switch a Lot Player', -2), (True, 'greenberg', 58), (False, 'iocaine', -12)], [(True, 'Anti Flat Player', 0), (True, 'Copy Player', 4), (True, 'Freq Player', 37), (True, 'Flat Player', 38), (True, 'Foxtrot Player', 12), (True, 'Bruijn 81 Player', 44), (True, 'Pi Player', 16), (False, '226 Player', -20), (True, 'Random Player', 31), (True, 'Rotating Player', 31), (False, 'Switching Player', -17), (False, 'Switch a Lot Player', -43), (False, 'greenberg', -9), (False, 'iocaine', -6)], [(True, 'Anti Flat Player', 6), (True, 'Copy Player', 4), (True, 'Freq Player', 37), (False, 'Flat Player', -13), (False, 'Foxtrot Player', -51), (True, 'Bruijn 81 Player', 44), (True, 'Pi Player', 16), (False, '226 Player', -51), (True, 'Random Player', 39), (True, 'Rotating Player', 31), (False, 'Switching Player', -27), (True, 'Switch a Lot Player', 5), (False, 'greenberg', -3), (True, 'iocaine', 31)], [(True, 'Anti Flat Player', 4), (True, 'Copy Player', 4), (True, 'Freq Player', 37), (False, 'Flat Player', -12), (True, 'Foxtrot Player', 15), (True, 'Bruijn 81 Player', 44), (True, 'Pi Player', 16), (True, '226 Player', 0), (True, 'Random Player', 25), (True, 'Rotating Player', 31), (True, 'Switching Player', 19), (False, 'Switch a Lot Player', -28), (False, 'greenberg', -56), (True, 'iocaine', 10)], [(True, 'Anti Flat Player', 3), (True, 'Copy Player', 4), (True, 'Freq Player', 37), (False, 'Flat Player', -4), (True, 'Foxtrot Player', 22), (True, 'Bruijn 81 Player', 44), (True, 'Pi Player', 16), (False, '226 Player', -10), (True, 'Random Player', 63), (True, 'Rotating Player', 31), (False, 'Switching Player', -20), (True, 'Switch a Lot Player', 8), (False, 'greenberg', -9), (True, 'iocaine', 22)]]

Anti Flat Player's win ratio is 46% and it's average score is -62.6
Copy Player's win ratio is 46% and it's average score is -127.26666666666667
Freq Player's win ratio is 40% and it's average score is -190.0
Flat Player's win ratio is 40% and it's average score is -200.4
Foxtrot Player's win ratio is 40% and it's average score is -225.06666666666666
Bruijn 81 Player's win ratio is 46% and it's average score is -227.26666666666668
Pi Player's win ratio is 46% and it's average score is -230.13333333333333
226 Player's win ratio is 46% and it's average score is -257.8
Random Player's win ratio is 33% and it's average score is -261.93333333333334
Rotating Player's win ratio is 46% and it's average score is -322.4
Switching Player's win ratio is 46% and it's average score is -337.93333333333334
Switch a Lot Player's win ratio is 40% and it's average score is -347.0
greenberg's win ratio is 38% and it's average score is 3.3846153846153846
iocaine's win ratio is 100% and it's average score is 3272.4615384615386
Our Agent's win ratio is 85% and it's average score is 17.142857142857142


Anti Flat Player's win ratio is 73% and it's average score is -61.666666666666664
Copy Player's win ratio is 66% and it's average score is -130.6
Freq Player's win ratio is 73% and it's average score is -188.33333333333334
Flat Player's win ratio is 66% and it's average score is -202.2
Foxtrot Player's win ratio is 73% and it's average score is -222.33333333333334
Bruijn 81 Player's win ratio is 73% and it's average score is -227.13333333333333
Pi Player's win ratio is 73% and it's average score is -226.06666666666666
226 Player's win ratio is 66% and it's average score is -253.33333333333334
Random Player's win ratio is 73% and it's average score is -250.53333333333333
Rotating Player's win ratio is 73% and it's average score is -315.0
Switching Player's win ratio is 66% and it's average score is -335.26666666666665
Switch a Lot Player's win ratio is 66% and it's average score is -338.26666666666665
greenberg's win ratio is 23% and it's average score is -10.846153846153847
iocaine's win ratio is 100% and it's average score is 3255.923076923077
Our Agent's win ratio is 78% and it's average score is 5.785714285714286


Anti Flat Player's win ratio is 33% and it's average score is -66.8
Copy Player's win ratio is 26% and it's average score is -135.2
Freq Player's win ratio is 26% and it's average score is -198.33333333333334
Flat Player's win ratio is 26% and it's average score is -209.73333333333332
Foxtrot Player's win ratio is 33% and it's average score is -232.73333333333332
Bruijn 81 Player's win ratio is 26% and it's average score is -237.4
Pi Player's win ratio is 33% and it's average score is -234.8
226 Player's win ratio is 26% and it's average score is -262.8666666666667
Random Player's win ratio is 26% and it's average score is -263.8
Rotating Player's win ratio is 26% and it's average score is -330.26666666666665
Switching Player's win ratio is 33% and it's average score is -343.6666666666667
Switch a Lot Player's win ratio is 26% and it's average score is -353.6666666666667
greenberg's win ratio is 46% and it's average score is -4.846153846153846
iocaine's win ratio is 100% and it's average score is 3291.230769230769
Our Agent's win ratio is 78% and it's average score is 12.785714285714286


Anti Flat Player's win ratio is 53% and it's average score is -62.93333333333333
Copy Player's win ratio is 46% and it's average score is -133.06666666666666
Freq Player's win ratio is 53% and it's average score is -189.13333333333333
Flat Player's win ratio is 46% and it's average score is -198.06666666666666
Foxtrot Player's win ratio is 53% and it's average score is -220.4
Bruijn 81 Player's win ratio is 53% and it's average score is -223.33333333333334
Pi Player's win ratio is 53% and it's average score is -224.26666666666668
226 Player's win ratio is 46% and it's average score is -249.6
Random Player's win ratio is 53% and it's average score is -247.86666666666667
Rotating Player's win ratio is 46% and it's average score is -316.4
Switching Player's win ratio is 53% and it's average score is -328.8
Switch a Lot Player's win ratio is 46% and it's average score is -338.1333333333333
greenberg's win ratio is 30% and it's average score is -1.8461538461538463
iocaine's win ratio is 100% and it's average score is 3217.3846153846152
Our Agent's win ratio is 85% and it's average score is 22.357142857142858


Anti Flat Player's win ratio is 33% and it's average score is -71.13333333333334
Copy Player's win ratio is 33% and it's average score is -138.06666666666666
Freq Player's win ratio is 33% and it's average score is -200.53333333333333
Flat Player's win ratio is 26% and it's average score is -213.26666666666668
Foxtrot Player's win ratio is 26% and it's average score is -232.8
Bruijn 81 Player's win ratio is 33% and it's average score is -234.53333333333333
Pi Player's win ratio is 33% and it's average score is -235.13333333333333
226 Player's win ratio is 26% and it's average score is -264.0
Random Player's win ratio is 33% and it's average score is -259.2
Rotating Player's win ratio is 40% and it's average score is -320.1333333333333
Switching Player's win ratio is 33% and it's average score is -334.73333333333335
Switch a Lot Player's win ratio is 33% and it's average score is -340.26666666666665
greenberg's win ratio is 92% and it's average score is 19.692307692307693
iocaine's win ratio is 92% and it's average score is 3232.3076923076924
Our Agent's win ratio is 71% and it's average score is 12.714285714285714



Process finished with exit code 0