enter a name for the results file:
the results belong to the tournement between our agent against all other agents , not all participants against each other 
5_rounds_200_PopSize_30_Iter
enter number of rounds!:5
enter number of max iterations !:30
enter population size:200
check experts during co-evolution : 
not recommended with high population size ,experts take too much time to think
true: 1 
false: 00
0.9166666666666666
------Mutualism phase-----------
------Communalism phase-----------
------Parasitism faze-----------
 Best:1,0,1,2,1,0,0,0,2,1,2,1,0,2,1,1,1,1,0,0,1,0,0,2,0,2,1,2,1,1,1,2,1,1,0,2,1,0,2,0,2,0,2,1,1,1,2,0,1,0,1,0,1,0,0,0,2,2,2,2,2,2,1,1,0,1,2,0,2,0,0,2,1,1,1,2,2,1,2,2,0,0,2,0,1,2,0,1,1,0,2,2,2,0,2,2,1,1,1,0,2,1,2,1,0,2,1,1,1,2,0,1,1,2,2,1,0,0,1,2,0,2,1,2,2,1,2,0,2,0,0,0,1,0,0,0,2,0,1,0,2,0,1,2,0,2,1,1,2,0,2,2,1,2,1,2,2,1,0,0,0,1,1,2,2,0,2,0,0,0,1,1,0,1,0,2,1,0,2,2,2,0,2,1,0,2,2,0,2,1,1,0,2,0,1,0,0,2,2,2,1,2,1,0,1,0,1,0,1,1,1,2,1,1,2,0,2,0,0,1,2,2,2,1,1,0,1,0,1,0,0,0,1,0,1,2,2,0,2,1,1,0,1,0,1,2,2,0,2,2,1,0,2,1,0,1,1,1,1,0,2,2,0,1,2,1,1,0,1,2,2,1,0,2,1,0,1,1,2,1,2,2,1,1,0,2,2,0,0,2,2,2,0,1,0,2,0,0,2,1,1,2,1,2,0,0,2,0,2,0,2,1,0,0,1,1,2,2,1,1,1,0,0,1,1,1,1,1,0,1,2,2,2,0,2,1,2,1,1,0,0,1,2,1,0,2,1,1,2,0,0,1,0,0,0,1,0,1,1,2,2,2,0,0,2,2,0,2,0,2,2,1,1,1,2,1,2,2,0,2,0,2,0,2,0,1,0,2,1,0,2,0,2,2,2,0,0,1,0,0,2,0,2,1,2,1,2,1,2,2,1,1,2,0,2,0,2,1,1,2,1,0,1,0,1,1,0,2,0,2,1,1,0,0,1,2,1,0,1,0,2,1,2,2,2,0,2,1,2,1,0,2,2,0,2,0,2,2,0,1,0,0,2,2,0,2,2,0,1,0,2,1,0,1,2,0,2,2,2,2,0,0,1,1,2,1,1,2,1,1,2,0,0,2,0,0,2,0,2,0,2,0,0,0,1,1,1,1,2,0,0,0,0,1,2,2,1,2,1,0,2,2,1,1,2,2,0,2,0,0,1,2,0,2,0,0,1,2,2,0,0,1,2,0,0,0,1,0,2,1,1,0,2,1,1,1,0,2,0,1,1,2,2,0,0,1,0,2,1,1,0,2,1,0,0,0,1,1,0,0,0,2,0,1,0,2,0,2,2,1,2,1,1,0,0,2,1,1,1,1,0,2,1,2,1,0,0,0,1,0,1,2,0,0,1,2,2,1,2,2,0,2,0,2,2,2,0,1,0,0,0,0,0,1,0,0,1,2,1,1,0,2,0,1,2,0,1,0,1,0,1,2,0,1,0,2,0,0,0,0,2,2,0,1,0,2,1,1,2,1,1,1,2,0,0,0,2,2,2,0,2,0,1,2,1,0,1,1,2,2,1,2,2,0,0,1,1,0,0,1,0,2,1,1,0,2,1,0,2,1,0,0,1,1,2,1,1,2,0,0,2,0,0,1,0,0,2,2,2,2,1,2,1,0,0,0,0,1,0,1,1,1,1,0,0,1,0,2,2,0,1,2,1,2,2,1,0,0,0,0,0,2,2,1,2,0,1,0,2,0,1,1,2,0,0,0,2,1,1,1,0,0,2,1,2,0,1,0,0,2,0,0,1,2,2,1,1,1,2,0,0,2,1,1,1,1,1,0,0,0,1,1,0,2,0,1,0,2,1,2,0,2,2,1,2,1,2,2,2,1,0,2,1,0,1,2,1,2,1,1,2,0,2,0,2,2,0,0,0,1,2,1,1,0,1,0,2,1,1,2,1,0,0,2,2,0,0,0,0,2,0,2,1,2,0,0,2,1,0,2,0,1,0,1,0,0,0,1,0,1,1,1,1,0,1,1,1,2,1,1,0,1,1,1,2,0,0,0,2,0,0,1,0,2,2,2,1,2,1,0,2,2,0,1,1,2,2,1,2,0,0,1,0,2,1,0,1,2,2,1,2,1,0,2,0,1,2,1,1,0,1,0,1,1,0,1,1,2,1,2,0,0,2,2,0,0,0,0,0,1,1,1,0,0,2,1,0,1,1,0,1,0,0,1,0,2,0,2,0,2,0,2,0,0,1,1,2,1,0,2, ,
fittness: 0.9166666666666666  Time :  12.521175900000003  ticks: 12.52149486541748
------Mutualism phase-----------
------Communalism phase-----------
------Parasitism faze-----------
 Best:1,0,1,2,1,0,0,0,2,1,2,1,0,2,1,1,1,1,0,0,1,0,0,2,0,2,1,2,1,1,1,2,1,1,0,2,1,0,2,0,2,0,2,1,1,1,2,0,1,0,1,0,1,0,0,0,2,2,2,2,2,2,1,1,0,1,2,0,2,0,0,2,1,1,1,2,2,1,2,2,0,0,2,0,1,2,0,1,1,0,2,2,2,0,2,2,1,1,1,0,2,1,2,1,0,2,1,1,1,2,0,1,1,2,2,1,0,0,1,2,0,2,1,2,2,1,2,0,2,0,0,0,1,0,0,0,2,0,1,0,2,0,1,2,0,2,1,1,2,0,2,2,1,2,1,2,2,1,0,0,0,1,1,2,2,0,2,0,0,0,1,1,0,1,0,2,1,0,2,2,2,0,2,1,0,2,2,0,2,1,1,0,2,0,1,0,0,2,2,2,1,2,1,0,1,0,1,0,1,1,1,2,1,1,2,0,2,0,0,1,2,2,2,1,1,0,1,0,1,0,0,0,1,0,1,2,2,0,2,1,1,0,1,0,1,2,2,0,2,2,1,0,2,1,0,1,1,1,1,0,2,2,0,1,2,1,1,0,1,2,2,1,0,2,1,0,1,1,2,1,2,2,1,1,0,2,2,0,0,2,2,2,0,1,0,2,0,0,2,1,1,2,1,2,0,0,2,0,2,0,2,1,0,0,1,1,2,2,1,1,1,0,0,1,1,1,1,1,0,1,2,2,2,0,2,1,2,1,1,0,0,1,2,1,0,2,1,1,2,0,0,1,0,0,0,1,0,1,1,2,2,2,0,0,2,2,0,2,0,2,2,1,1,1,2,1,2,2,0,2,0,2,0,2,0,1,0,2,1,0,2,0,2,2,2,0,0,1,0,0,2,0,2,1,2,1,2,1,2,2,1,1,2,0,2,0,2,1,1,2,1,0,1,0,1,1,0,2,0,2,1,1,0,0,1,2,1,0,1,0,2,1,2,2,2,0,2,1,2,1,0,2,2,0,2,0,2,2,0,1,0,0,2,2,0,2,2,0,1,0,2,1,0,1,2,0,2,2,2,2,0,0,1,1,2,1,1,2,1,1,2,0,0,2,0,0,2,0,2,0,2,0,0,0,1,1,1,1,2,0,0,0,0,1,2,2,1,2,1,0,2,2,1,1,2,2,0,2,0,0,1,2,0,2,0,0,1,2,2,0,0,1,2,0,0,0,1,0,2,1,1,0,2,1,1,1,0,2,0,1,1,2,2,0,0,1,0,2,1,1,0,2,1,0,0,0,1,1,0,0,0,2,0,1,0,2,0,2,2,1,2,1,1,0,0,2,1,1,1,1,0,2,1,2,1,0,0,0,1,0,1,2,0,0,1,2,2,1,2,2,0,2,0,2,2,2,0,1,0,0,0,0,0,1,0,0,1,2,1,1,0,2,0,1,2,0,1,0,1,0,1,2,0,1,0,2,0,0,0,0,2,2,0,1,0,2,1,1,2,1,1,1,2,0,0,0,2,2,2,0,2,0,1,2,1,0,1,1,2,2,1,2,2,0,0,1,1,0,0,1,0,2,1,1,0,2,1,0,2,1,0,0,1,1,2,1,1,2,0,0,2,0,0,1,0,0,2,2,2,2,1,2,1,0,0,0,0,1,0,1,1,1,1,0,0,1,0,2,2,0,1,2,1,2,2,1,0,0,0,0,0,2,2,1,2,0,1,0,2,0,1,1,2,0,0,0,2,1,1,1,0,0,2,1,2,0,1,0,0,2,0,0,1,2,2,1,1,1,2,0,0,2,1,1,1,1,1,0,0,0,1,1,0,2,0,1,0,2,1,2,0,2,2,1,2,1,2,2,2,1,0,2,1,0,1,2,1,2,1,1,2,0,2,0,2,2,0,0,0,1,2,1,1,0,1,0,2,1,1,2,1,0,0,2,2,0,0,0,0,2,0,2,1,2,0,0,2,1,0,2,0,1,0,1,0,0,0,1,0,1,1,1,1,0,1,1,1,2,1,1,0,1,1,1,2,0,0,0,2,0,0,1,0,2,2,2,1,2,1,0,2,2,0,1,1,2,2,1,2,0,0,1,0,2,1,0,1,2,2,1,2,1,0,2,0,1,2,1,1,0,1,0,1,1,0,1,1,2,1,2,0,0,2,2,0,0,0,0,0,1,1,1,0,0,2,1,0,1,1,0,1,0,0,1,0,2,0,2,0,2,0,2,0,0,1,1,2,1,0,2, ,
fittness: 0.9166666666666666  Time :  21.987358  ticks: 21.987212419509888
------Mutualism phase-----------
------Communalism phase-----------
------Parasitism faze-----------
 Best:1,0,1,2,1,0,0,0,2,1,2,1,0,2,1,1,1,1,0,0,1,0,0,2,0,2,1,2,1,1,1,2,1,1,0,2,1,0,2,0,2,0,2,1,1,1,2,0,1,0,1,0,1,0,0,0,2,2,2,2,2,2,1,1,0,1,2,0,2,0,0,2,1,1,1,2,2,1,2,2,0,0,2,0,1,2,0,1,1,0,2,2,2,0,2,2,1,1,1,0,2,1,2,1,0,2,1,1,1,2,0,1,1,2,2,1,0,0,1,2,0,2,1,2,2,1,2,0,2,0,0,0,1,0,0,0,2,0,1,0,2,0,1,2,0,2,1,1,2,0,2,2,1,2,1,2,2,1,0,0,0,1,1,2,2,0,2,0,0,0,1,1,0,1,0,2,1,0,2,2,2,0,2,1,0,2,2,0,2,1,1,0,2,0,1,0,0,2,2,2,1,2,1,0,1,0,1,0,1,1,1,2,1,1,2,0,2,0,0,1,2,2,2,1,1,0,1,0,1,0,0,0,1,0,1,2,2,0,2,1,1,0,1,0,1,2,2,0,2,2,1,0,2,1,0,1,1,1,1,0,2,2,0,1,2,1,1,0,1,2,2,1,0,2,1,0,1,1,2,1,2,2,1,1,0,2,2,0,0,2,2,2,0,1,0,2,0,0,2,1,1,2,1,2,0,0,2,0,2,0,2,1,0,0,1,1,2,2,1,1,1,0,0,1,1,1,1,1,0,1,2,2,2,0,2,1,2,1,1,0,0,1,2,1,0,2,1,1,2,0,0,1,0,0,0,1,0,1,1,2,2,2,0,0,2,2,0,2,0,2,2,1,1,1,2,1,2,2,0,2,0,2,0,2,0,1,0,2,1,0,2,0,2,2,2,0,0,1,0,0,2,0,2,1,2,1,2,1,2,2,1,1,2,0,2,0,2,1,1,2,1,0,1,0,1,1,0,2,0,2,1,1,0,0,1,2,1,0,1,0,2,1,2,2,2,0,2,1,2,1,0,2,2,0,2,0,2,2,0,1,0,0,2,2,0,2,2,0,1,0,2,1,0,1,2,0,2,2,2,2,0,0,1,1,2,1,1,2,1,1,2,0,0,2,0,0,2,0,2,0,2,0,0,0,1,1,1,1,2,0,0,0,0,1,2,2,1,2,1,0,2,2,1,1,2,2,0,2,0,0,1,2,0,2,0,0,1,2,2,0,0,1,2,0,0,0,1,0,2,1,1,0,2,1,1,1,0,2,0,1,1,2,2,0,0,1,0,2,1,1,0,2,1,0,0,0,1,1,0,0,0,2,0,1,0,2,0,2,2,1,2,1,1,0,0,2,1,1,1,1,0,2,1,2,1,0,0,0,1,0,1,2,0,0,1,2,2,1,2,2,0,2,0,2,2,2,0,1,0,0,0,0,0,1,0,0,1,2,1,1,0,2,0,1,2,0,1,0,1,0,1,2,0,1,0,2,0,0,0,0,2,2,0,1,0,2,1,1,2,1,1,1,2,0,0,0,2,2,2,0,2,0,1,2,1,0,1,1,2,2,1,2,2,0,0,1,1,0,0,1,0,2,1,1,0,2,1,0,2,1,0,0,1,1,2,1,1,2,0,0,2,0,0,1,0,0,2,2,2,2,1,2,1,0,0,0,0,1,0,1,1,1,1,0,0,1,0,2,2,0,1,2,1,2,2,1,0,0,0,0,0,2,2,1,2,0,1,0,2,0,1,1,2,0,0,0,2,1,1,1,0,0,2,1,2,0,1,0,0,2,0,0,1,2,2,1,1,1,2,0,0,2,1,1,1,1,1,0,0,0,1,1,0,2,0,1,0,2,1,2,0,2,2,1,2,1,2,2,2,1,0,2,1,0,1,2,1,2,1,1,2,0,2,0,2,2,0,0,0,1,2,1,1,0,1,0,2,1,1,2,1,0,0,2,2,0,0,0,0,2,0,2,1,2,0,0,2,1,0,2,0,1,0,1,0,0,0,1,0,1,1,1,1,0,1,1,1,2,1,1,0,1,1,1,2,0,0,0,2,0,0,1,0,2,2,2,1,2,1,0,2,2,0,1,1,2,2,1,2,0,0,1,0,2,1,0,1,2,2,1,2,1,0,2,0,1,2,1,1,0,1,0,1,1,0,1,1,2,1,2,0,0,2,2,0,0,0,0,0,1,1,1,0,0,2,1,0,1,1,0,1,0,0,1,0,2,0,2,0,2,0,2,0,0,1,1,2,1,0,2, ,
fittness: 0.9166666666666666  Time :  31.7058397  ticks: 31.70616865158081
------Mutualism phase-----------
------Communalism phase-----------
------Parasitism faze-----------
 Best:1,0,1,2,1,0,0,0,2,1,2,1,0,2,1,1,1,1,0,0,1,0,0,2,0,2,1,2,1,1,1,2,1,1,0,2,1,0,2,0,2,0,2,1,1,1,2,0,1,0,1,0,1,0,0,0,2,2,2,2,2,2,1,1,0,1,2,0,2,0,0,2,1,1,1,2,2,1,2,2,0,0,2,0,1,2,0,1,1,0,2,2,2,0,2,2,1,1,1,0,2,1,2,1,0,2,1,1,1,2,0,1,1,2,2,1,0,0,1,2,0,2,1,2,2,1,2,0,2,0,0,0,1,0,0,0,2,0,1,0,2,0,1,2,0,2,1,1,2,0,2,2,1,2,1,2,2,1,0,0,0,1,1,2,2,0,2,0,0,0,1,1,0,1,0,2,1,0,2,2,2,0,2,1,0,2,2,0,2,1,1,0,2,0,1,0,0,2,2,2,1,2,1,0,1,0,1,0,1,1,1,2,1,1,2,0,2,0,0,1,2,2,2,1,1,0,1,0,1,0,0,0,1,0,1,2,2,0,2,1,1,0,1,0,1,2,2,0,2,2,1,0,2,1,0,1,1,1,1,0,2,2,0,1,2,1,1,0,1,2,2,1,0,2,1,0,1,1,2,1,2,2,1,1,0,2,2,0,0,2,2,2,0,1,0,2,0,0,2,1,1,2,1,2,0,0,2,0,2,0,2,1,0,0,1,1,2,2,1,1,1,0,0,1,1,1,1,1,0,1,2,2,2,0,2,1,2,1,1,0,0,1,2,1,0,2,1,1,2,0,0,1,0,0,0,1,0,1,1,2,2,2,0,0,2,2,0,2,0,2,2,1,1,1,2,1,2,2,0,2,0,2,0,2,0,1,0,2,1,0,2,0,2,2,2,0,0,1,0,0,2,0,2,1,2,1,2,1,2,2,1,1,2,0,2,0,2,1,1,2,1,0,1,0,1,1,0,2,0,2,1,1,0,0,1,2,1,0,1,0,2,1,2,2,2,0,2,1,2,1,0,2,2,0,2,0,2,2,0,1,0,0,2,2,0,2,2,0,1,0,2,1,0,1,2,0,2,2,2,2,0,0,1,1,2,1,1,2,1,1,2,0,0,2,0,0,2,0,2,0,2,0,0,0,1,1,1,1,2,0,0,0,0,1,2,2,1,2,1,0,2,2,1,1,2,2,0,2,0,0,1,2,0,2,0,0,1,2,2,0,0,1,2,0,0,0,1,0,2,1,1,0,2,1,1,1,0,2,0,1,1,2,2,0,0,1,0,2,1,1,0,2,1,0,0,0,1,1,0,0,0,2,0,1,0,2,0,2,2,1,2,1,1,0,0,2,1,1,1,1,0,2,1,2,1,0,0,0,1,0,1,2,0,0,1,2,2,1,2,2,0,2,0,2,2,2,0,1,0,0,0,0,0,1,0,0,1,2,1,1,0,2,0,1,2,0,1,0,1,0,1,2,0,1,0,2,0,0,0,0,2,2,0,1,0,2,1,1,2,1,1,1,2,0,0,0,2,2,2,0,2,0,1,2,1,0,1,1,2,2,1,2,2,0,0,1,1,0,0,1,0,2,1,1,0,2,1,0,2,1,0,0,1,1,2,1,1,2,0,0,2,0,0,1,0,0,2,2,2,2,1,2,1,0,0,0,0,1,0,1,1,1,1,0,0,1,0,2,2,0,1,2,1,2,2,1,0,0,0,0,0,2,2,1,2,0,1,0,2,0,1,1,2,0,0,0,2,1,1,1,0,0,2,1,2,0,1,0,0,2,0,0,1,2,2,1,1,1,2,0,0,2,1,1,1,1,1,0,0,0,1,1,0,2,0,1,0,2,1,2,0,2,2,1,2,1,2,2,2,1,0,2,1,0,1,2,1,2,1,1,2,0,2,0,2,2,0,0,0,1,2,1,1,0,1,0,2,1,1,2,1,0,0,2,2,0,0,0,0,2,0,2,1,2,0,0,2,1,0,2,0,1,0,1,0,0,0,1,0,1,1,1,1,0,1,1,1,2,1,1,0,1,1,1,2,0,0,0,2,0,0,1,0,2,2,2,1,2,1,0,2,2,0,1,1,2,2,1,2,0,0,1,0,2,1,0,1,2,2,1,2,1,0,2,0,1,2,1,1,0,1,0,1,1,0,1,1,2,1,2,0,0,2,2,0,0,0,0,0,1,1,1,0,0,2,1,0,1,1,0,1,0,0,1,0,2,0,2,0,2,0,2,0,0,1,1,2,1,0,2, ,
fittness: 0.9166666666666666  Time :  41.545529200000004  ticks: 41.54584336280823
------Mutualism phase-----------
------Communalism phase-----------
------Parasitism faze-----------
 Best:1,0,1,2,1,0,0,0,2,1,2,1,0,2,1,1,1,1,0,0,1,0,0,2,0,2,1,2,1,1,1,2,1,1,0,2,1,0,2,0,2,0,2,1,1,1,2,0,1,0,1,0,1,0,0,0,2,2,2,2,2,2,1,1,0,1,2,0,2,0,0,2,1,1,1,2,2,1,2,2,0,0,2,0,1,2,0,1,1,0,2,2,2,0,2,2,1,1,1,0,2,1,2,1,0,2,1,1,1,2,0,1,1,2,2,1,0,0,1,2,0,2,1,2,2,1,2,0,2,0,0,0,1,0,0,0,2,0,1,0,2,0,1,2,0,2,1,1,2,0,2,2,1,2,1,2,2,1,0,0,0,1,1,2,2,0,2,0,0,0,1,1,0,1,0,2,1,0,2,2,2,0,2,1,0,2,2,0,2,1,1,0,2,0,1,0,0,2,2,2,1,2,1,0,1,0,1,0,1,1,1,2,1,1,2,0,2,0,0,1,2,2,2,1,1,0,1,0,1,0,0,0,1,0,1,2,2,0,2,1,1,0,1,0,1,2,2,0,2,2,1,0,2,1,0,1,1,1,1,0,2,2,0,1,2,1,1,0,1,2,2,1,0,2,1,0,1,1,2,1,2,2,1,1,0,2,2,0,0,2,2,2,0,1,0,2,0,0,2,1,1,2,1,2,0,0,2,0,2,0,2,1,0,0,1,1,2,2,1,1,1,0,0,1,1,1,1,1,0,1,2,2,2,0,2,1,2,1,1,0,0,1,2,1,0,2,1,1,2,0,0,1,0,0,0,1,0,1,1,2,2,2,0,0,2,2,0,2,0,2,2,1,1,1,2,1,2,2,0,2,0,2,0,2,0,1,0,2,1,0,2,0,2,2,2,0,0,1,0,0,2,0,2,1,2,1,2,1,2,2,1,1,2,0,2,0,2,1,1,2,1,0,1,0,1,1,0,2,0,2,1,1,0,0,1,2,1,0,1,0,2,1,2,2,2,0,2,1,2,1,0,2,2,0,2,0,2,2,0,1,0,0,2,2,0,2,2,0,1,0,2,1,0,1,2,0,2,2,2,2,0,0,1,1,2,1,1,2,1,1,2,0,0,2,0,0,2,0,2,0,2,0,0,0,1,1,1,1,2,0,0,0,0,1,2,2,1,2,1,0,2,2,1,1,2,2,0,2,0,0,1,2,0,2,0,0,1,2,2,0,0,1,2,0,0,0,1,0,2,1,1,0,2,1,1,1,0,2,0,1,1,2,2,0,0,1,0,2,1,1,0,2,1,0,0,0,1,1,0,0,0,2,0,1,0,2,0,2,2,1,2,1,1,0,0,2,1,1,1,1,0,2,1,2,1,0,0,0,1,0,1,2,0,0,1,2,2,1,2,2,0,2,0,2,2,2,0,1,0,0,0,0,0,1,0,0,1,2,1,1,0,2,0,1,2,0,1,0,1,0,1,2,0,1,0,2,0,0,0,0,2,2,0,1,0,2,1,1,2,1,1,1,2,0,0,0,2,2,2,0,2,0,1,2,1,0,1,1,2,2,1,2,2,0,0,1,1,0,0,1,0,2,1,1,0,2,1,0,2,1,0,0,1,1,2,1,1,2,0,0,2,0,0,1,0,0,2,2,2,2,1,2,1,0,0,0,0,1,0,1,1,1,1,0,0,1,0,2,2,0,1,2,1,2,2,1,0,0,0,0,0,2,2,1,2,0,1,0,2,0,1,1,2,0,0,0,2,1,1,1,0,0,2,1,2,0,1,0,0,2,0,0,1,2,2,1,1,1,2,0,0,2,1,1,1,1,1,0,0,0,1,1,0,2,0,1,0,2,1,2,0,2,2,1,2,1,2,2,2,1,0,2,1,0,1,2,1,2,1,1,2,0,2,0,2,2,0,0,0,1,2,1,1,0,1,0,2,1,1,2,1,0,0,2,2,0,0,0,0,2,0,2,1,2,0,0,2,1,0,2,0,1,0,1,0,0,0,1,0,1,1,1,1,0,1,1,1,2,1,1,0,1,1,1,2,0,0,0,2,0,0,1,0,2,2,2,1,2,1,0,2,2,0,1,1,2,2,1,2,0,0,1,0,2,1,0,1,2,2,1,2,1,0,2,0,1,2,1,1,0,1,0,1,1,0,1,1,2,1,2,0,0,2,2,0,0,0,0,0,1,1,1,0,0,2,1,0,1,1,0,1,0,0,1,0,2,0,2,0,2,0,2,0,0,1,1,2,1,0,2, ,
fittness: 0.9166666666666666  Time :  51.1598633  ticks: 51.16015601158142
------Mutualism phase-----------
------Communalism phase-----------
------Parasitism faze-----------
 Best:1,0,1,2,1,0,0,0,2,1,2,1,0,2,1,1,1,1,0,0,1,0,0,2,0,2,1,2,1,1,1,2,1,1,0,2,1,0,2,0,2,0,2,1,1,1,2,0,1,0,1,0,1,0,0,0,2,2,2,2,2,2,1,1,0,1,2,0,2,0,0,2,1,1,1,2,2,1,2,2,0,0,2,0,1,2,0,1,1,0,2,2,2,0,2,2,1,1,1,0,2,1,2,1,0,2,1,1,1,2,0,1,1,2,2,1,0,0,1,2,0,2,1,2,2,1,2,0,2,0,0,0,1,0,0,0,2,0,1,0,2,0,1,2,0,2,1,1,2,0,2,2,1,2,1,2,2,1,0,0,0,1,1,2,2,0,2,0,0,0,1,1,0,1,0,2,1,0,2,2,2,0,2,1,0,2,2,0,2,1,1,0,2,0,1,0,0,2,2,2,1,2,1,0,1,0,1,0,1,1,1,2,1,1,2,0,2,0,0,1,2,2,2,1,1,0,1,0,1,0,0,0,1,0,1,2,2,0,2,1,1,0,1,0,1,2,2,0,2,2,1,0,2,1,0,1,1,1,1,0,2,2,0,1,2,1,1,0,1,2,2,1,0,2,1,0,1,1,2,1,2,2,1,1,0,2,2,0,0,2,2,2,0,1,0,2,0,0,2,1,1,2,1,2,0,0,2,0,2,0,2,1,0,0,1,1,2,2,1,1,1,0,0,1,1,1,1,1,0,1,2,2,2,0,2,1,2,1,1,0,0,1,2,1,0,2,1,1,2,0,0,1,0,0,0,1,0,1,1,2,2,2,0,0,2,2,0,2,0,2,2,1,1,1,2,1,2,2,0,2,0,2,0,2,0,1,0,2,1,0,2,0,2,2,2,0,0,1,0,0,2,0,2,1,2,1,2,1,2,2,1,1,2,0,2,0,2,1,1,2,1,0,1,0,1,1,0,2,0,2,1,1,0,0,1,2,1,0,1,0,2,1,2,2,2,0,2,1,2,1,0,2,2,0,2,0,2,2,0,1,0,0,2,2,0,2,2,0,1,0,2,1,0,1,2,0,2,2,2,2,0,0,1,1,2,1,1,2,1,1,2,0,0,2,0,0,2,0,2,0,2,0,0,0,1,1,1,1,2,0,0,0,0,1,2,2,1,2,1,0,2,2,1,1,2,2,0,2,0,0,1,2,0,2,0,0,1,2,2,0,0,1,2,0,0,0,1,0,2,1,1,0,2,1,1,1,0,2,0,1,1,2,2,0,0,1,0,2,1,1,0,2,1,0,0,0,1,1,0,0,0,2,0,1,0,2,0,2,2,1,2,1,1,0,0,2,1,1,1,1,0,2,1,2,1,0,0,0,1,0,1,2,0,0,1,2,2,1,2,2,0,2,0,2,2,2,0,1,0,0,0,0,0,1,0,0,1,2,1,1,0,2,0,1,2,0,1,0,1,0,1,2,0,1,0,2,0,0,0,0,2,2,0,1,0,2,1,1,2,1,1,1,2,0,0,0,2,2,2,0,2,0,1,2,1,0,1,1,2,2,1,2,2,0,0,1,1,0,0,1,0,2,1,1,0,2,1,0,2,1,0,0,1,1,2,1,1,2,0,0,2,0,0,1,0,0,2,2,2,2,1,2,1,0,0,0,0,1,0,1,1,1,1,0,0,1,0,2,2,0,1,2,1,2,2,1,0,0,0,0,0,2,2,1,2,0,1,0,2,0,1,1,2,0,0,0,2,1,1,1,0,0,2,1,2,0,1,0,0,2,0,0,1,2,2,1,1,1,2,0,0,2,1,1,1,1,1,0,0,0,1,1,0,2,0,1,0,2,1,2,0,2,2,1,2,1,2,2,2,1,0,2,1,0,1,2,1,2,1,1,2,0,2,0,2,2,0,0,0,1,2,1,1,0,1,0,2,1,1,2,1,0,0,2,2,0,0,0,0,2,0,2,1,2,0,0,2,1,0,2,0,1,0,1,0,0,0,1,0,1,1,1,1,0,1,1,1,2,1,1,0,1,1,1,2,0,0,0,2,0,0,1,0,2,2,2,1,2,1,0,2,2,0,1,1,2,2,1,2,0,0,1,0,2,1,0,1,2,2,1,2,1,0,2,0,1,2,1,1,0,1,0,1,1,0,1,1,2,1,2,0,0,2,2,0,0,0,0,0,1,1,1,0,0,2,1,0,1,1,0,1,0,0,1,0,2,0,2,0,2,0,2,0,0,1,1,2,1,0,2, ,
fittness: 0.9166666666666666  Time :  61.055009299999995  ticks: 61.0546510219574
------Mutualism phase-----------
------Communalism phase-----------
------Parasitism faze-----------
 Best:1,0,1,2,1,0,0,0,2,1,2,1,0,2,1,1,1,1,0,0,1,0,0,2,0,2,1,2,1,1,1,2,1,1,0,2,1,0,2,0,2,0,2,1,1,1,2,0,1,0,1,0,1,0,0,0,2,2,2,2,2,2,1,1,0,1,2,0,2,0,0,2,1,1,1,2,2,1,2,2,0,0,2,0,1,2,0,1,1,0,2,2,2,0,2,2,1,1,1,0,2,1,2,1,0,2,1,1,1,2,0,1,1,2,2,1,0,0,1,2,0,2,1,2,2,1,2,0,2,0,0,0,1,0,0,0,2,0,1,0,2,0,1,2,0,2,1,1,2,0,2,2,1,2,1,2,2,1,0,0,0,1,1,2,2,0,2,0,0,0,1,1,0,1,0,2,1,0,2,2,2,0,2,1,0,2,2,0,2,1,1,0,2,0,1,0,0,2,2,2,1,2,1,0,1,0,1,0,1,1,1,2,1,1,2,0,2,0,0,1,2,2,2,1,1,0,1,0,1,0,0,0,1,0,1,2,2,0,2,1,1,0,1,0,1,2,2,0,2,2,1,0,2,1,0,1,1,1,1,0,2,2,0,1,2,1,1,0,1,2,2,1,0,2,1,0,1,1,2,1,2,2,1,1,0,2,2,0,0,2,2,2,0,1,0,2,0,0,2,1,1,2,1,2,0,0,2,0,2,0,2,1,0,0,1,1,2,2,1,1,1,0,0,1,1,1,1,1,0,1,2,2,2,0,2,1,2,1,1,0,0,1,2,1,0,2,1,1,2,0,0,1,0,0,0,1,0,1,1,2,2,2,0,0,2,2,0,2,0,2,2,1,1,1,2,1,2,2,0,2,0,2,0,2,0,1,0,2,1,0,2,0,2,2,2,0,0,1,0,0,2,0,2,1,2,1,2,1,2,2,1,1,2,0,2,0,2,1,1,2,1,0,1,0,1,1,0,2,0,2,1,1,0,0,1,2,1,0,1,0,2,1,2,2,2,0,2,1,2,1,0,2,2,0,2,0,2,2,0,1,0,0,2,2,0,2,2,0,1,0,2,1,0,1,2,0,2,2,2,2,0,0,1,1,2,1,1,2,1,1,2,0,0,2,0,0,2,0,2,0,2,0,0,0,1,1,1,1,2,0,0,0,0,1,2,2,1,2,1,0,2,2,1,1,2,2,0,2,0,0,1,2,0,2,0,0,1,2,2,0,0,1,2,0,0,0,1,0,2,1,1,0,2,1,1,1,0,2,0,1,1,2,2,0,0,1,0,2,1,1,0,2,1,0,0,0,1,1,0,0,0,2,0,1,0,2,0,2,2,1,2,1,1,0,0,2,1,1,1,1,0,2,1,2,1,0,0,0,1,0,1,2,0,0,1,2,2,1,2,2,0,2,0,2,2,2,0,1,0,0,0,0,0,1,0,0,1,2,1,1,0,2,0,1,2,0,1,0,1,0,1,2,0,1,0,2,0,0,0,0,2,2,0,1,0,2,1,1,2,1,1,1,2,0,0,0,2,2,2,0,2,0,1,2,1,0,1,1,2,2,1,2,2,0,0,1,1,0,0,1,0,2,1,1,0,2,1,0,2,1,0,0,1,1,2,1,1,2,0,0,2,0,0,1,0,0,2,2,2,2,1,2,1,0,0,0,0,1,0,1,1,1,1,0,0,1,0,2,2,0,1,2,1,2,2,1,0,0,0,0,0,2,2,1,2,0,1,0,2,0,1,1,2,0,0,0,2,1,1,1,0,0,2,1,2,0,1,0,0,2,0,0,1,2,2,1,1,1,2,0,0,2,1,1,1,1,1,0,0,0,1,1,0,2,0,1,0,2,1,2,0,2,2,1,2,1,2,2,2,1,0,2,1,0,1,2,1,2,1,1,2,0,2,0,2,2,0,0,0,1,2,1,1,0,1,0,2,1,1,2,1,0,0,2,2,0,0,0,0,2,0,2,1,2,0,0,2,1,0,2,0,1,0,1,0,0,0,1,0,1,1,1,1,0,1,1,1,2,1,1,0,1,1,1,2,0,0,0,2,0,0,1,0,2,2,2,1,2,1,0,2,2,0,1,1,2,2,1,2,0,0,1,0,2,1,0,1,2,2,1,2,1,0,2,0,1,2,1,1,0,1,0,1,1,0,1,1,2,1,2,0,0,2,2,0,0,0,0,0,1,1,1,0,0,2,1,0,1,1,0,1,0,0,1,0,2,0,2,0,2,0,2,0,0,1,1,2,1,0,2, ,
fittness: 0.9166666666666666  Time :  71.4578376  ticks: 71.4578185081482
------Mutualism phase-----------
------Communalism phase-----------
------Parasitism faze-----------
 Best:1,0,1,2,1,0,0,0,2,1,2,1,0,2,1,1,1,1,0,0,1,0,0,2,0,2,1,2,1,1,1,2,1,1,0,2,1,0,2,0,2,0,2,1,1,1,2,0,1,0,1,0,1,0,0,0,2,2,2,2,2,2,1,1,0,1,2,0,2,0,0,2,1,1,1,2,2,1,2,2,0,0,2,0,1,2,0,1,1,0,2,2,2,0,2,2,1,1,1,0,2,1,2,1,0,2,1,1,1,2,0,1,1,2,2,1,0,0,1,2,0,2,1,2,2,1,2,0,2,0,0,0,1,0,0,0,2,0,1,0,2,0,1,2,0,2,1,1,2,0,2,2,1,2,1,2,2,1,0,0,0,1,1,2,2,0,2,0,0,0,1,1,0,1,0,2,1,0,2,2,2,0,2,1,0,2,2,0,2,1,1,0,2,0,1,0,0,2,2,2,1,2,1,0,1,0,1,0,1,1,1,2,1,1,2,0,2,0,0,1,2,2,2,1,1,0,1,0,1,0,0,0,1,0,1,2,2,0,2,1,1,0,1,0,1,2,2,0,2,2,1,0,2,1,0,1,1,1,1,0,2,2,0,1,2,1,1,0,1,2,2,1,0,2,1,0,1,1,2,1,2,2,1,1,0,2,2,0,0,2,2,2,0,1,0,2,0,0,2,1,1,2,1,2,0,0,2,0,2,0,2,1,0,0,1,1,2,2,1,1,1,0,0,1,1,1,1,1,0,1,2,2,2,0,2,1,2,1,1,0,0,1,2,1,0,2,1,1,2,0,0,1,0,0,0,1,0,1,1,2,2,2,0,0,2,2,0,2,0,2,2,1,1,1,2,1,2,2,0,2,0,2,0,2,0,1,0,2,1,0,2,0,2,2,2,0,0,1,0,0,2,0,2,1,2,1,2,1,2,2,1,1,2,0,2,0,2,1,1,2,1,0,1,0,1,1,0,2,0,2,1,1,0,0,1,2,1,0,1,0,2,1,2,2,2,0,2,1,2,1,0,2,2,0,2,0,2,2,0,1,0,0,2,2,0,2,2,0,1,0,2,1,0,1,2,0,2,2,2,2,0,0,1,1,2,1,1,2,1,1,2,0,0,2,0,0,2,0,2,0,2,0,0,0,1,1,1,1,2,0,0,0,0,1,2,2,1,2,1,0,2,2,1,1,2,2,0,2,0,0,1,2,0,2,0,0,1,2,2,0,0,1,2,0,0,0,1,0,2,1,1,0,2,1,1,1,0,2,0,1,1,2,2,0,0,1,0,2,1,1,0,2,1,0,0,0,1,1,0,0,0,2,0,1,0,2,0,2,2,1,2,1,1,0,0,2,1,1,1,1,0,2,1,2,1,0,0,0,1,0,1,2,0,0,1,2,2,1,2,2,0,2,0,2,2,2,0,1,0,0,0,0,0,1,0,0,1,2,1,1,0,2,0,1,2,0,1,0,1,0,1,2,0,1,0,2,0,0,0,0,2,2,0,1,0,2,1,1,2,1,1,1,2,0,0,0,2,2,2,0,2,0,1,2,1,0,1,1,2,2,1,2,2,0,0,1,1,0,0,1,0,2,1,1,0,2,1,0,2,1,0,0,1,1,2,1,1,2,0,0,2,0,0,1,0,0,2,2,2,2,1,2,1,0,0,0,0,1,0,1,1,1,1,0,0,1,0,2,2,0,1,2,1,2,2,1,0,0,0,0,0,2,2,1,2,0,1,0,2,0,1,1,2,0,0,0,2,1,1,1,0,0,2,1,2,0,1,0,0,2,0,0,1,2,2,1,1,1,2,0,0,2,1,1,1,1,1,0,0,0,1,1,0,2,0,1,0,2,1,2,0,2,2,1,2,1,2,2,2,1,0,2,1,0,1,2,1,2,1,1,2,0,2,0,2,2,0,0,0,1,2,1,1,0,1,0,2,1,1,2,1,0,0,2,2,0,0,0,0,2,0,2,1,2,0,0,2,1,0,2,0,1,0,1,0,0,0,1,0,1,1,1,1,0,1,1,1,2,1,1,0,1,1,1,2,0,0,0,2,0,0,1,0,2,2,2,1,2,1,0,2,2,0,1,1,2,2,1,2,0,0,1,0,2,1,0,1,2,2,1,2,1,0,2,0,1,2,1,1,0,1,0,1,1,0,1,1,2,1,2,0,0,2,2,0,0,0,0,0,1,1,1,0,0,2,1,0,1,1,0,1,0,0,1,0,2,0,2,0,2,0,2,0,0,1,1,2,1,0,2, ,
fittness: 0.9166666666666666  Time :  81.27597700000001  ticks: 81.2755913734436
------Mutualism phase-----------
------Communalism phase-----------
------Parasitism faze-----------
 Best:1,0,1,2,1,0,0,0,2,1,2,1,0,2,1,1,1,1,0,0,1,0,0,2,0,2,1,2,1,1,1,2,1,1,0,2,1,0,2,0,2,0,2,1,1,1,2,0,1,0,1,0,1,0,0,0,2,2,2,2,2,2,1,1,0,1,2,0,2,0,0,2,1,1,1,2,2,1,2,2,0,0,2,0,1,2,0,1,1,0,2,2,2,0,2,2,1,1,1,0,2,1,2,1,0,2,1,1,1,2,0,1,1,2,2,1,0,0,1,2,0,2,1,2,2,1,2,0,2,0,0,0,1,0,0,0,2,0,1,0,2,0,1,2,0,2,1,1,2,0,2,2,1,2,1,2,2,1,0,0,0,1,1,2,2,0,2,0,0,0,1,1,0,1,0,2,1,0,2,2,2,0,2,1,0,2,2,0,2,1,1,0,2,0,1,0,0,2,2,2,1,2,1,0,1,0,1,0,1,1,1,2,1,1,2,0,2,0,0,1,2,2,2,1,1,0,1,0,1,0,0,0,1,0,1,2,2,0,2,1,1,0,1,0,1,2,2,0,2,2,1,0,2,1,0,1,1,1,1,0,2,2,0,1,2,1,1,0,1,2,2,1,0,2,1,0,1,1,2,1,2,2,1,1,0,2,2,0,0,2,2,2,0,1,0,2,0,0,2,1,1,2,1,2,0,0,2,0,2,0,2,1,0,0,1,1,2,2,1,1,1,0,0,1,1,1,1,1,0,1,2,2,2,0,2,1,2,1,1,0,0,1,2,1,0,2,1,1,2,0,0,1,0,0,0,1,0,1,1,2,2,2,0,0,2,2,0,2,0,2,2,1,1,1,2,1,2,2,0,2,0,2,0,2,0,1,0,2,1,0,2,0,2,2,2,0,0,1,0,0,2,0,2,1,2,1,2,1,2,2,1,1,2,0,2,0,2,1,1,2,1,0,1,0,1,1,0,2,0,2,1,1,0,0,1,2,1,0,1,0,2,1,2,2,2,0,2,1,2,1,0,2,2,0,2,0,2,2,0,1,0,0,2,2,0,2,2,0,1,0,2,1,0,1,2,0,2,2,2,2,0,0,1,1,2,1,1,2,1,1,2,0,0,2,0,0,2,0,2,0,2,0,0,0,1,1,1,1,2,0,0,0,0,1,2,2,1,2,1,0,2,2,1,1,2,2,0,2,0,0,1,2,0,2,0,0,1,2,2,0,0,1,2,0,0,0,1,0,2,1,1,0,2,1,1,1,0,2,0,1,1,2,2,0,0,1,0,2,1,1,0,2,1,0,0,0,1,1,0,0,0,2,0,1,0,2,0,2,2,1,2,1,1,0,0,2,1,1,1,1,0,2,1,2,1,0,0,0,1,0,1,2,0,0,1,2,2,1,2,2,0,2,0,2,2,2,0,1,0,0,0,0,0,1,0,0,1,2,1,1,0,2,0,1,2,0,1,0,1,0,1,2,0,1,0,2,0,0,0,0,2,2,0,1,0,2,1,1,2,1,1,1,2,0,0,0,2,2,2,0,2,0,1,2,1,0,1,1,2,2,1,2,2,0,0,1,1,0,0,1,0,2,1,1,0,2,1,0,2,1,0,0,1,1,2,1,1,2,0,0,2,0,0,1,0,0,2,2,2,2,1,2,1,0,0,0,0,1,0,1,1,1,1,0,0,1,0,2,2,0,1,2,1,2,2,1,0,0,0,0,0,2,2,1,2,0,1,0,2,0,1,1,2,0,0,0,2,1,1,1,0,0,2,1,2,0,1,0,0,2,0,0,1,2,2,1,1,1,2,0,0,2,1,1,1,1,1,0,0,0,1,1,0,2,0,1,0,2,1,2,0,2,2,1,2,1,2,2,2,1,0,2,1,0,1,2,1,2,1,1,2,0,2,0,2,2,0,0,0,1,2,1,1,0,1,0,2,1,1,2,1,0,0,2,2,0,0,0,0,2,0,2,1,2,0,0,2,1,0,2,0,1,0,1,0,0,0,1,0,1,1,1,1,0,1,1,1,2,1,1,0,1,1,1,2,0,0,0,2,0,0,1,0,2,2,2,1,2,1,0,2,2,0,1,1,2,2,1,2,0,0,1,0,2,1,0,1,2,2,1,2,1,0,2,0,1,2,1,1,0,1,0,1,1,0,1,1,2,1,2,0,0,2,2,0,0,0,0,0,1,1,1,0,0,2,1,0,1,1,0,1,0,0,1,0,2,0,2,0,2,0,2,0,0,1,1,2,1,0,2, ,
fittness: 0.9166666666666666  Time :  90.4890091  ticks: 90.48890328407288
------Mutualism phase-----------
------Communalism phase-----------
------Parasitism faze-----------
 Best:1,0,1,2,1,0,0,0,2,1,2,1,0,2,1,1,1,1,0,0,1,0,0,2,0,2,1,2,1,1,1,2,1,1,0,2,1,0,2,0,2,0,2,1,1,1,2,0,1,0,1,0,1,0,0,0,2,2,2,2,2,2,1,1,0,1,2,0,2,0,0,2,1,1,1,2,2,1,2,2,0,0,2,0,1,2,0,1,1,0,2,2,2,0,2,2,1,1,1,0,2,1,2,1,0,2,1,1,1,2,0,1,1,2,2,1,0,0,1,2,0,2,1,2,2,1,2,0,2,0,0,0,1,0,0,0,2,0,1,0,2,0,1,2,0,2,1,1,2,0,2,2,1,2,1,2,2,1,0,0,0,1,1,2,2,0,2,0,0,0,1,1,0,1,0,2,1,0,2,2,2,0,2,1,0,2,2,0,2,1,1,0,2,0,1,0,0,2,2,2,1,2,1,0,1,0,1,0,1,1,1,2,1,1,2,0,2,0,0,1,2,2,2,1,1,0,1,0,1,0,0,0,1,0,1,2,2,0,2,1,1,0,1,0,1,2,2,0,2,2,1,0,2,1,0,1,1,1,1,0,2,2,0,1,2,1,1,0,1,2,2,1,0,2,1,0,1,1,2,1,2,2,1,1,0,2,2,0,0,2,2,2,0,1,0,2,0,0,2,1,1,2,1,2,0,0,2,0,2,0,2,1,0,0,1,1,2,2,1,1,1,0,0,1,1,1,1,1,0,1,2,2,2,0,2,1,2,1,1,0,0,1,2,1,0,2,1,1,2,0,0,1,0,0,0,1,0,1,1,2,2,2,0,0,2,2,0,2,0,2,2,1,1,1,2,1,2,2,0,2,0,2,0,2,0,1,0,2,1,0,2,0,2,2,2,0,0,1,0,0,2,0,2,1,2,1,2,1,2,2,1,1,2,0,2,0,2,1,1,2,1,0,1,0,1,1,0,2,0,2,1,1,0,0,1,2,1,0,1,0,2,1,2,2,2,0,2,1,2,1,0,2,2,0,2,0,2,2,0,1,0,0,2,2,0,2,2,0,1,0,2,1,0,1,2,0,2,2,2,2,0,0,1,1,2,1,1,2,1,1,2,0,0,2,0,0,2,0,2,0,2,0,0,0,1,1,1,1,2,0,0,0,0,1,2,2,1,2,1,0,2,2,1,1,2,2,0,2,0,0,1,2,0,2,0,0,1,2,2,0,0,1,2,0,0,0,1,0,2,1,1,0,2,1,1,1,0,2,0,1,1,2,2,0,0,1,0,2,1,1,0,2,1,0,0,0,1,1,0,0,0,2,0,1,0,2,0,2,2,1,2,1,1,0,0,2,1,1,1,1,0,2,1,2,1,0,0,0,1,0,1,2,0,0,1,2,2,1,2,2,0,2,0,2,2,2,0,1,0,0,0,0,0,1,0,0,1,2,1,1,0,2,0,1,2,0,1,0,1,0,1,2,0,1,0,2,0,0,0,0,2,2,0,1,0,2,1,1,2,1,1,1,2,0,0,0,2,2,2,0,2,0,1,2,1,0,1,1,2,2,1,2,2,0,0,1,1,0,0,1,0,2,1,1,0,2,1,0,2,1,0,0,1,1,2,1,1,2,0,0,2,0,0,1,0,0,2,2,2,2,1,2,1,0,0,0,0,1,0,1,1,1,1,0,0,1,0,2,2,0,1,2,1,2,2,1,0,0,0,0,0,2,2,1,2,0,1,0,2,0,1,1,2,0,0,0,2,1,1,1,0,0,2,1,2,0,1,0,0,2,0,0,1,2,2,1,1,1,2,0,0,2,1,1,1,1,1,0,0,0,1,1,0,2,0,1,0,2,1,2,0,2,2,1,2,1,2,2,2,1,0,2,1,0,1,2,1,2,1,1,2,0,2,0,2,2,0,0,0,1,2,1,1,0,1,0,2,1,1,2,1,0,0,2,2,0,0,0,0,2,0,2,1,2,0,0,2,1,0,2,0,1,0,1,0,0,0,1,0,1,1,1,1,0,1,1,1,2,1,1,0,1,1,1,2,0,0,0,2,0,0,1,0,2,2,2,1,2,1,0,2,2,0,1,1,2,2,1,2,0,0,1,0,2,1,0,1,2,2,1,2,1,0,2,0,1,2,1,1,0,1,0,1,1,0,1,1,2,1,2,0,0,2,2,0,0,0,0,0,1,1,1,0,0,2,1,0,1,1,0,1,0,0,1,0,2,0,2,0,2,0,2,0,0,1,1,2,1,0,2, ,
fittness: 0.9166666666666666  Time :  100.0858298  ticks: 100.0862648487091
------Mutualism phase-----------
------Communalism phase-----------
------Parasitism faze-----------
 Best:1,0,2,1,0,0,0,1,2,1,2,1,1,2,1,1,1,1,1,0,0,0,1,2,2,0,1,2,1,0,2,2,1,0,1,1,2,1,2,0,2,0,2,0,1,0,1,0,0,1,0,2,1,0,0,1,2,2,1,2,1,2,1,0,1,0,2,1,2,0,0,2,0,0,0,1,1,2,2,2,0,0,2,0,1,1,0,1,2,1,2,2,1,2,1,1,0,1,1,0,2,2,0,0,0,2,2,1,2,2,1,1,0,2,1,0,2,0,1,2,0,2,0,2,1,0,1,0,2,1,0,0,0,0,1,0,2,0,0,0,2,1,1,2,0,1,0,1,1,0,2,1,1,1,0,2,2,1,0,0,0,2,0,1,1,2,0,2,1,0,0,0,0,0,0,2,1,0,2,2,1,1,1,0,0,1,2,0,2,2,1,0,1,0,0,0,1,2,1,1,0,2,1,2,1,0,2,0,0,2,1,2,2,1,2,1,1,0,0,2,2,2,1,0,0,0,2,1,1,2,2,1,0,1,1,0,2,0,1,1,0,1,1,0,1,1,1,0,1,1,0,1,1,0,2,1,0,1,0,0,2,1,0,0,1,0,1,0,1,1,2,0,0,2,0,1,0,0,2,0,2,2,1,2,0,0,1,2,2,2,1,1,1,1,0,1,0,0,1,1,2,1,1,1,2,1,2,2,2,1,1,0,0,0,1,1,0,2,2,0,1,0,0,0,2,1,0,1,1,1,2,2,1,1,2,1,2,1,2,0,1,0,2,1,0,1,1,2,2,0,0,0,1,0,2,1,0,1,1,2,1,1,0,1,2,1,1,1,0,1,2,0,1,1,1,0,2,2,0,2,0,1,2,1,0,1,0,0,2,1,2,1,0,1,2,2,1,2,1,0,2,0,2,1,2,1,1,1,1,2,1,1,1,0,2,0,2,0,2,2,1,1,2,1,2,1,1,0,0,1,0,0,1,0,1,1,1,1,1,0,1,1,2,2,2,0,2,2,2,1,0,0,1,1,1,0,2,1,0,1,1,0,1,1,0,2,1,0,1,0,2,1,0,2,1,1,1,2,2,2,0,1,1,0,1,1,2,1,1,0,2,1,0,2,0,1,2,0,2,2,1,0,1,2,1,0,2,1,1,2,2,0,0,1,1,2,1,1,1,0,2,2,1,1,1,1,0,2,0,0,0,2,1,1,0,0,0,2,2,0,0,2,1,1,0,0,0,0,2,1,2,0,2,0,2,2,1,2,0,0,1,2,0,0,0,2,1,2,1,1,1,2,0,0,1,1,2,0,2,0,1,1,0,1,0,1,0,2,1,0,2,0,1,0,1,2,0,1,0,0,1,2,1,1,1,2,0,2,0,0,1,1,2,0,2,1,2,0,2,2,0,2,1,0,1,2,1,0,0,0,0,0,0,0,0,0,0,1,1,0,0,2,2,1,2,0,0,0,2,0,1,2,2,2,0,2,2,0,0,2,2,2,1,0,0,2,2,1,2,2,0,1,1,1,2,0,2,1,1,0,1,0,2,2,2,0,1,2,2,2,0,2,2,0,0,1,0,1,0,2,1,2,0,0,1,1,1,1,2,1,0,2,1,1,1,2,0,1,0,1,2,0,0,2,0,0,2,1,2,1,0,2,0,0,2,0,0,2,2,0,0,2,2,1,0,0,1,2,1,0,1,1,0,2,2,0,0,0,1,0,0,1,2,0,1,0,0,1,1,2,1,1,2,0,0,0,1,1,1,0,0,2,2,2,1,2,1,0,0,2,0,1,0,1,2,2,0,0,1,0,2,1,1,1,0,0,1,1,0,1,1,1,1,1,1,0,1,2,0,2,2,1,1,1,2,2,1,1,2,1,1,2,1,0,0,0,0,1,1,2,2,1,1,1,1,2,1,2,0,1,0,0,0,2,0,1,1,0,0,2,0,1,0,0,2,0,1,0,1,2,1,1,1,1,1,0,2,0,1,1,2,1,0,0,1,1,1,2,0,0,0,0,0,0,2,0,0,1,0,0,0,0,0,2,1,0,2,1,2,0,0,0,0,2,2,1,0,0,0,2,2,1,2,0,0,1,1,2,1,0,0,0,1,2,0,0,2,1,1,2,1,0,0,1,0,1,2,0,2,0,0,2,0,0,0,2,2,2,0,2,0,2,2,0,1,0,0,0,0,1,2,1,0,0,1,2,0,1,1,0,1,2,1,1,0,2,0,2,2,2,2,2,1,0,0,0,1,1,0,1, ,
fittness: 1.0  Time :  110.0734919  ticks: 110.07385969161987
 number of generations :  10
 Best:1,0,2,1,0,0,0,1,2,1,2,1,1,2,1,1,1,1,1,0,0,0,1,2,2,0,1,2,1,0,2,2,1,0,1,1,2,1,2,0,2,0,2,0,1,0,1,0,0,1,0,2,1,0,0,1,2,2,1,2,1,2,1,0,1,0,2,1,2,0,0,2,0,0,0,1,1,2,2,2,0,0,2,0,1,1,0,1,2,1,2,2,1,2,1,1,0,1,1,0,2,2,0,0,0,2,2,1,2,2,1,1,0,2,1,0,2,0,1,2,0,2,0,2,1,0,1,0,2,1,0,0,0,0,1,0,2,0,0,0,2,1,1,2,0,1,0,1,1,0,2,1,1,1,0,2,2,1,0,0,0,2,0,1,1,2,0,2,1,0,0,0,0,0,0,2,1,0,2,2,1,1,1,0,0,1,2,0,2,2,1,0,1,0,0,0,1,2,1,1,0,2,1,2,1,0,2,0,0,2,1,2,2,1,2,1,1,0,0,2,2,2,1,0,0,0,2,1,1,2,2,1,0,1,1,0,2,0,1,1,0,1,1,0,1,1,1,0,1,1,0,1,1,0,2,1,0,1,0,0,2,1,0,0,1,0,1,0,1,1,2,0,0,2,0,1,0,0,2,0,2,2,1,2,0,0,1,2,2,2,1,1,1,1,0,1,0,0,1,1,2,1,1,1,2,1,2,2,2,1,1,0,0,0,1,1,0,2,2,0,1,0,0,0,2,1,0,1,1,1,2,2,1,1,2,1,2,1,2,0,1,0,2,1,0,1,1,2,2,0,0,0,1,0,2,1,0,1,1,2,1,1,0,1,2,1,1,1,0,1,2,0,1,1,1,0,2,2,0,2,0,1,2,1,0,1,0,0,2,1,2,1,0,1,2,2,1,2,1,0,2,0,2,1,2,1,1,1,1,2,1,1,1,0,2,0,2,0,2,2,1,1,2,1,2,1,1,0,0,1,0,0,1,0,1,1,1,1,1,0,1,1,2,2,2,0,2,2,2,1,0,0,1,1,1,0,2,1,0,1,1,0,1,1,0,2,1,0,1,0,2,1,0,2,1,1,1,2,2,2,0,1,1,0,1,1,2,1,1,0,2,1,0,2,0,1,2,0,2,2,1,0,1,2,1,0,2,1,1,2,2,0,0,1,1,2,1,1,1,0,2,2,1,1,1,1,0,2,0,0,0,2,1,1,0,0,0,2,2,0,0,2,1,1,0,0,0,0,2,1,2,0,2,0,2,2,1,2,0,0,1,2,0,0,0,2,1,2,1,1,1,2,0,0,1,1,2,0,2,0,1,1,0,1,0,1,0,2,1,0,2,0,1,0,1,2,0,1,0,0,1,2,1,1,1,2,0,2,0,0,1,1,2,0,2,1,2,0,2,2,0,2,1,0,1,2,1,0,0,0,0,0,0,0,0,0,0,1,1,0,0,2,2,1,2,0,0,0,2,0,1,2,2,2,0,2,2,0,0,2,2,2,1,0,0,2,2,1,2,2,0,1,1,1,2,0,2,1,1,0,1,0,2,2,2,0,1,2,2,2,0,2,2,0,0,1,0,1,0,2,1,2,0,0,1,1,1,1,2,1,0,2,1,1,1,2,0,1,0,1,2,0,0,2,0,0,2,1,2,1,0,2,0,0,2,0,0,2,2,0,0,2,2,1,0,0,1,2,1,0,1,1,0,2,2,0,0,0,1,0,0,1,2,0,1,0,0,1,1,2,1,1,2,0,0,0,1,1,1,0,0,2,2,2,1,2,1,0,0,2,0,1,0,1,2,2,0,0,1,0,2,1,1,1,0,0,1,1,0,1,1,1,1,1,1,0,1,2,0,2,2,1,1,1,2,2,1,1,2,1,1,2,1,0,0,0,0,1,1,2,2,1,1,1,1,2,1,2,0,1,0,0,0,2,0,1,1,0,0,2,0,1,0,0,2,0,1,0,1,2,1,1,1,1,1,0,2,0,1,1,2,1,0,0,1,1,1,2,0,0,0,0,0,0,2,0,0,1,0,0,0,0,0,2,1,0,2,1,2,0,0,0,0,2,2,1,0,0,0,2,2,1,2,0,0,1,1,2,1,0,0,0,1,2,0,0,2,1,1,2,1,0,0,1,0,1,2,0,2,0,0,2,0,0,0,2,2,2,0,2,0,2,2,0,1,0,0,0,0,1,2,1,0,0,1,2,0,1,1,0,1,2,1,1,0,2,0,2,2,2,2,2,1,0,0,0,1,1,0,1, ,
fittness: 1.0  Time :  110.07390860000001  ticks: 110.07385969161987

Ploting graph of fitness and saving to output file named5_rounds_200_PopSize_30_Iter


establishing tournment agent vs all bots


all rounds are Complete ,fetching results to output file with name 5_rounds_200_PopSize_30_Iter:

[[(True, 'Anti Flat Player', 75), (True, 'Copy Player', 33), (True, 'Freq Player', 7), (True, 'Flat Player', 19), (False, 'Foxtrot Player', -20), (True, 'Bruijn 81 Player', 63), (True, 'Pi Player', 32), (True, '226 Player', 16), (True, 'Random Player', 8), (True, 'Rotating Player', 2), (False, 'Switching Player', -3), (False, 'Switch a Lot Player', -9), (True, 'greenberg', 36), (True, 'iocaine', 1)], [(True, 'Anti Flat Player', 75), (True, 'Copy Player', 33), (True, 'Freq Player', 7), (True, 'Flat Player', 2), (True, 'Foxtrot Player', 19), (True, 'Bruijn 81 Player', 63), (True, 'Pi Player', 32), (True, '226 Player', 14), (False, 'Random Player', -18), (True, 'Rotating Player', 2), (False, 'Switching Player', -1), (False, 'Switch a Lot Player', -5), (False, 'greenberg', -22), (False, 'iocaine', -49)], [(True, 'Anti Flat Player', 76), (True, 'Copy Player', 33), (True, 'Freq Player', 7), (True, 'Flat Player', 4), (True, 'Foxtrot Player', 0), (True, 'Bruijn 81 Player', 63), (True, 'Pi Player', 32), (False, '226 Player', -52), (False, 'Random Player', -18), (True, 'Rotating Player', 2), (True, 'Switching Player', 26), (False, 'Switch a Lot Player', -42), (True, 'greenberg', 24), (False, 'iocaine', -20)], [(True, 'Anti Flat Player', 76), (True, 'Copy Player', 33), (True, 'Freq Player', 7), (False, 'Flat Player', -14), (False, 'Foxtrot Player', -40), (True, 'Bruijn 81 Player', 63), (True, 'Pi Player', 32), (False, '226 Player', -16), (True, 'Random Player', 28), (True, 'Rotating Player', 2), (False, 'Switching Player', -6), (False, 'Switch a Lot Player', -29), (True, 'greenberg', 37), (False, 'iocaine', -12)], [(True, 'Anti Flat Player', 77), (True, 'Copy Player', 33), (True, 'Freq Player', 7), (False, 'Flat Player', -35), (True, 'Foxtrot Player', 8), (True, 'Bruijn 81 Player', 63), (True, 'Pi Player', 32), (True, '226 Player', 21), (True, 'Random Player', 15), (True, 'Rotating Player', 2), (True, 'Switching Player', 28), (False, 'Switch a Lot Player', -31), (False, 'greenberg', -38), (True, 'iocaine', 12)]]
tournment all against each other

tournament #0

Anti Flat Player's win ratio is 60% and it's average score is -51.733333333333334
Copy Player's win ratio is 53% and it's average score is -122.06666666666666
Freq Player's win ratio is 53% and it's average score is -186.0
Flat Player's win ratio is 53% and it's average score is -193.53333333333333
Foxtrot Player's win ratio is 53% and it's average score is -220.13333333333333
Bruijn 81 Player's win ratio is 53% and it's average score is -221.73333333333332
Pi Player's win ratio is 60% and it's average score is -222.93333333333334
226 Player's win ratio is 53% and it's average score is -249.66666666666666
Random Player's win ratio is 46% and it's average score is -253.8
Rotating Player's win ratio is 53% and it's average score is -319.26666666666665
Switching Player's win ratio is 46% and it's average score is -333.6666666666667
Switch a Lot Player's win ratio is 60% and it's average score is -335.4
greenberg's win ratio is 61% and it's average score is 3.3846153846153846
iocaine's win ratio is 100% and it's average score is 3262.846153846154
Our Agent's win ratio is 71% and it's average score is 19.428571428571427


tournament #1